1 0.221724784375 0 0.273909209375 0.13488459218749999 0.28764199375 0.19879012499999998 0.30686781406249997 0.25129212343749996 0.3370798625 0.549989653125 0.346692771875 0.5757259328125001 0.39063752812499997 0.6601409046875 0.4071167921875 0.7733805046875 0.42634268906250006 0.8238235796875 0.5320847796875 0.9051501906249999 0.43046248593750003 0.8155880046874999 0.411236665625 0.7085251015625 0.38651773125 0.6200919453125 0.3563056828125 0.5717077781250001 0.3549323671875 0.545971484375 0.3343333046875 0.33376859531249997 0.3343333046875 0.2503830484375 0.29725490312499997 0.11552500000000002 0.2606247359375 0 0.221724784375 0
1 0.33616858125000004 0.263835071875 0.427335375 0.3752969015625 0.5445497718750001 0.575449184375 0.6791292578125 0.75044965625 0.861462725 0.9855771578124999 0.8744865875000001 0.9928994671875 0.723627303125 0.7836337546875 0.5619148609375 0.56963405 0.528269975 0.5126827578125 0.4360178890625 0.3523203015625 0.344644328125 0.2511668359375 0.33616858125000004 0.263835071875
1 0.6473466703125 0.003130278125 0.75540923125 0.124619446875 0.9136436828125 0.2504699140625 1 0.3661944703125 0.925221796875 0.252650840625 0.7496201484375 0.1116115375 0.6631936421875 0.0019103609375 0.6473466703125 0.003130278125
1 0.0010277687500000001 0.233368359375 0.20750444531249998 0.2254122921875 0.29530524375 0.22975197656250002 0.3010943265625 0.2167329625 0.25381695 0.21311655937500001 0.1139145125 0.21456312031250002 0 0.2174264484375 0.0010277687500000001 0.233368359375
1 0 0.37537827031250004 0.0252447734375 0.36576867812499997 0.047037184375 0.3427056609375 0.09062200625 0.3162792890625 0.113696328125 0.3100330578125 0.15279447968749998 0.3061892234375 0.24380985625 0.30474778125 0.290599471875 0.2879310015625 0.29444516875 0.2812042890625 0.24701464999999997 0.2956186765625 0.21304410625 0.3018649078125 0.150230659375 0.2985015484375 0.10728680937499999 0.3018649078125 0.087417246875 0.3090720953125 0.0387047828125 0.337420384375 0 0.36416568125 0 0.37537827031250004
1 0 0.42823101250000006 0.12398320468749999 0.44120394531249996 0.20922999999999997 0.4493721078125 0.3188330625 0.44552825937499996 0.44894659062500003 0.4301529234375 0.3790510609375 0.43447723906249996 0.271370846875 0.44312586875 0.1925336046875 0.4436063625 0.13036113124999998 0.4368796296875 0.05088288125 0.42678957031250003 0.00110935625 0.42212533125 0 0.42823101250000006
1 0.2782821078125 0.0059615984375 0.3290033390625 0.096264509375 0.405990875 0.2028560625 0.4784497890625 0.344760628125 0.4866014140625 0.35358723593749997 0.625179096875 0.4635802671875 0.48577115 0.338692646875 0.4540703625 0.2516471984375 0.3807057328125 0.1409451671875 0.299027125 0.0017933296875 0.2782821078125 0.0059615984375
1 0.0019200359375 0.12302389375 0.0064785890625 0.1298583546875 0.0116069453125 0.15078887968750002 0.056052712500000004 0.19183795937499998 0.06459995156250001 0.20422541718749998 0.075996303125 0.215331409375 0.09024173437500001 0.2183214875 0.14551405 0.24395070625 0.1700161625 0.2507851609375 0.26745493593749997 0.2742786109375 0.2714436859375 0.27171569375 0.224206721875 0.25976470156250003 0.1643758546875 0.2413970984375 0.0937635515625 0.21021488437500002 0.046468673437500004 0.1692081359375 0.01951614375 0.1469706734375 0.018946323437500003 0.1333017625 0.001498940625 0.101490546875 0.0019200359375 0.12302389375
1 0 0.0509511625 0.0075298453125 0.053773071875 0.0376450078125 0.0550557640625 0.080702628125 0.06300841874999999 0.0923380234375 0.0653172546875 0.10157789843750001 0.07173069531250001 0.1115022 0.0750656765625 0.1221109484375 0.0776310515625 0.1553060484375 0.086096790625 0.20047877343749998 0.0912275328125 0.21279860468749998 0.092253684375 0.24051822656250002 0.0876360125 0.28466430468750004 0.0825052625 0.3496856328125 0.06993493437500001 0.3565300046875 0.06557379375 0.2986729515625 0.0750656765625 0.2908019515625 0.07865720468750001 0.251104825 0.0825052625 0.21311866406250002 0.0896883109375 0.20593212031250002 0.0896883109375 0.156995 0.0830183390625 0.1255109828125 0.0745526078125 0.1217465875 0.0745526078125 0.10634679843749999 0.0689087828125 0.100529090625 0.06480418593750001 0.110453403125 0.067626090625 0.129959815625 0.0691653203125 0.143648521875 0.0707045421875 0.1624704984375 0.0758352921875 0.16349712656249998 0.07173069531250001 0.1361451609375 0.064794696875 0.1121861578125 0.0645381515625 0.094390828125 0.059663946875 0.068382309375 0.0547897296875 0.037240499999999996 0.0496589796875 0.01773410625 0.049915525 0.00120814375 0.046403451562499996 0 0.0509511625
1 0.0112689890625 0.02018225625 0.030549584375 0.0196469453125 0.048759025 0.0188439828125 0.060184553125 0.021252874999999997 0.07732285625 0.0263383140625 0.10945716718750001 0.035973882812500003 0.143733771875 0.0525684734375 0.1890699125 0.07696041875000001 0.206208225 0.0841870953125 0.2376284390625 0.10238761874999999 0.3208205875 0.1251382671875 0.30868098125 0.12112345 0.24836896875 0.09996148437499999 0.20445208906249998 0.0769431765625 0.19231244375 0.072660703125 0.1551794671875 0.052854921875 0.1426828015625 0.043219353125 0.10912029375000001 0.0287659921875 0.077343021875 0.0191304234375 0.0748436890625 0.015918565625 0.0884115109375 0.0169891875 0.12447335156249999 0.0135096734375 0.18552854218749998 0.015918565625 0.194811796875 0.0145802953125 0.2233756375 0.0212716609375 0.22444675468750003 0.0169891875 0.211236115625 0.0124390578125 0.16517692343749998 0.007621273437499999 0.130186259375 0.0078889296875 0.091982125 0.0086918890625 0.056277325 0.0097625109375 0.027356445312499998 0.007353618750000001 0.0121834171875 0.0110676515625 0.0112689890625 0.02018225625
1 0.1090522890625 0.0011708546874999999 0.1618953828125 0.028471628125 0.19402969375 0.0439956109375 0.19938541875 0.0426573265625 0.21116800468750002 0.0434603 0.20509818281249997 0.038374853125000004 0.15689671562500002 0.0137506203125 0.127516575 0.0007069437500000001 0.1090522890625 0.0011708546874999999
1 0.22121783593750002 0.33326186875 0.0057714921874999995 0.4616771984375 0 0.485488928125 0.2405527421875 0.3395127546875 0.45185583749999997 0.1821483796875 0.516765946875 0.1345249578125 0.6106784171874999 0.009096953125 0.5938901750000001 0.0036664515625 0.46428543125 0.1582975203125 0.22121783593750002 0.33326186875