0 0.5921500671875 0.40776392812499995 0.6184175296875 0.38498066249999996 0.6635646828125 0.365276209375 0.7809472765625001 0.34557175625 0.8096772765625 0.3277146 0.8572869656250001 0.27727923906249996 1 0.2003087328125 0.9984744875 0.182451575 0.945939559375 0.210160959375 0.841690696875 0.26250090312499996 0.789155825 0.319151215625 0.7645301250000001 0.32961919375000004 0.6701315203125 0.3425502421875 0.6003586703125 0.3690281015625 0.577374625 0.3782645546875 0.5535698078125 0.44907741874999996 0.534690065625 0.4835145609375 0.5589695890625 0.49643577499999997 0.5831206359375 0.435473321875 0.5921500671875 0.40776392812499995
0 0.5273023453125 0.4898099578125 0.5921500671875 0.367888684375 0.6217009499999999 0.321706371875 0.6200592406250001 0.2915339296875 0.6061046812499999 0.293381215625 0.601179496875 0.31493296718749997 0.569986959375 0.34941575468749997 0.5625992390625 0.3666571390625 0.5355109484375 0.44287412968749995 0.5289440546875 0.45949975 0.5174520874999999 0.47735691718749995 0.522854909375 0.50118936875 0.5273023453125 0.4898099578125
0 0.4625237234375 0.40309060625 0.4374474734375 0.310982153125 0.4426356453125 0.21241701875 0.46079427500000003 0.1676601015625 0.4460944265625 0.15857898125 0.42361229062500005 0.1884169375 0.405453659375 0.21306566718750003 0.41669472812499997 0.25652528750000003 0.41237122187499997 0.2922010953125 0.41755939375000006 0.35447160312500003 0.4339886921875 0.409606928125 0.488464640625 0.504935065625 0.5041764375 0.473730809375 0.4772235734375 0.43941506406249997 0.4625237234375 0.40309060625
1 0.5601196500000001 0.49298250781249997 0.5924364953125 0.4708180296875 0.63675676875 0.44966272500000004 0.6589168890625 0.441004725 0.6829236812499999 0.43754152343749997 0.6986204515625001 0.4320003953125 0.7152405265625 0.4115675125 0.7554057421875 0.38039870468750003 0.7507890953125 0.3758965453125 0.7235506109375 0.389037446875 0.70323713125 0.4160504140625 0.6843087015625 0.43059586093749996 0.6626102328125001 0.4340590578125 0.6450667906249999 0.437522259375 0.6201366625 0.44791186562499996 0.5677664796874999 0.4757231359375 0.5601196500000001 0.49298250781249997
1 0.6414148843749999 0.20582284999999997 0.6488015703125 0.176385640625 0.631258159375 0.176385640625 0.6224864234374999 0.19300900468749999 0.610944709375 0.23872325781249998 0.60263465625 0.278896384375 0.6035579921875 0.2962123953125 0.6040196453125 0.30313879843749997 0.624639346875 0.28377720625 0.624794778125 0.2570782265625 0.6414148843749999 0.20582284999999997
1 0.63166090625 0.32150686093749997 0.651512703125 0.300035009375 0.6690561140625 0.2775242015625 0.6995262875 0.2169504125 0.7096830125 0.182664721875 0.7443082140625 0.134512753125 0.7845323343749999 0.073638471875 0.8029991109375001 0.0466255046875 0.8316226140625 0.0175346234375 0.853782734375 0.0022965390624999998 0.825620884375 0.0009112624999999999 0.78407068125 0.0552381921875 0.778068953125 0.0607793140625 0.75729385 0.08709963750000001 0.7171286359375 0.14869929531249998 0.6871201453125 0.195086925 0.6866584609374999 0.21032500937499998 0.6732700453125 0.230757896875 0.658034959375 0.27404790625 0.6388575640624999 0.29253664218750003 0.63166090625 0.32150686093749997
1 0.634892596875 0.2979570828125 0.6912162656249999 0.2854895625 0.7687766890625001 0.2480869890625 0.784473459375 0.2169181875 0.784473459375 0.20548962343750002 0.7669300171875 0.242199553125 0.6921396015625 0.28098740312500003 0.6367756109375 0.291028496875 0.634892596875 0.2979570828125
1 0.6325842421875 0.286890903125 0.6635161 0.2390987234375 0.66997945 0.20171527656250002 0.663054415625 0.156347353125 0.6625927640625 0.1075162265625 0.6556677296875 0.1466503953125 0.660284409375 0.2047969796875 0.653359375 0.2331952296875 0.6408942953125 0.252242840625 0.62458856875 0.28341159375 0.6325842421875 0.286890903125
1 0.6021140843749999 0.1494018171875 0.5711822421875 0.15390398125 0.5471754343749999 0.14247541875 0.5453287625 0.1251594125 0.53886538125 0.11026764687499999 0.53886538125 0.12446677187499999 0.53378701875 0.1403974984375 0.5430204078124999 0.15286501875 0.5753372531250001 0.1639472625 0.6085774500000001 0.159098778125 0.6155024828125 0.1857654265625 0.6251975562500001 0.1947697453125 0.6316976765625 0.17944088281249998 0.6288908984375 0.149748140625 0.6021140843749999 0.1494018171875
1 0.464358403125 0.163335284375 0.5000049578125 0.1000734234375 0.5199886625000001 0.0409209140625 0.5199886625000001 0 0.5162079609375 0.0376533921875 0.48920296875 0.10126260312499999 0.45511181875 0.1573328734375 0.464358403125 0.163335284375
1 0.437353446875 0.11795801718750001 0.4432945390625 0.1074240125 0.4546366453125 0.0948642296875 0.45571684062499995 0.06933951875 0.4449079734375 0.022814981249999998 0.430865396875 0.024030440625 0.4287049703125 0.0309180671875 0.43896687968750003 0.0552273125 0.437886684375 0.0880447984375 0.4260045 0.1054664296875 0.415202509375 0.1208622828125 0.4341059828125 0.1601283046875 0.4503593453125 0.150738815625 0.43843364218750003 0.1272765625 0.437353446875 0.11795801718750001
0 0.295813465625 0.45934826875 0.31089488906249996 0.40777290937500005 0.3210970515625 0.303632975 0.317104903125 0.242408034375 0.288716309375 0.21079733125 0.26077127187500004 0.23375668125 0.276739865625 0.26669836406249997 0.2740784421875 0.3159010921875 0.27452199843749997 0.3757950546875 0.25326506718749997 0.44390167812500003 0.295813465625 0.45934826875
1 0.17116980312500002 0.37317416875 0.15697550625 0.3611953765625 0.0776027609375 0.36859370937499997 0.0265920328125 0.39354953125000003 0.0146155890625 0.3998716640625 0 0.39720971718750003 0.0013084328125 0.40253362031249995 0.0128412921875 0.404862834375 0.0350198859375 0.3992061765625 0.0855870578125 0.37791054218750003 0.14502566562500002 0.3739176125 0.1658735484375 0.392218546875 0.16942211093749998 0.410852225 0.2057950015625 0.436806275 0.2381757140625 0.46939362031250004 0.24527286875 0.448763484375 0.2439952 0.44801457187500004 0.19556624843749998 0.39979370625 0.17116980312500002 0.37317416875
1 0.044334878125 0.38021816406250003 0.0004212921875 0.370901325 0.00263914375 0.38288012031249996 0.059416329687500005 0.39186421562499996 0.12462136875 0.398851846875 0.1596635328125 0.40417575 0.1578892515625 0.3928624453125 0.1099835015625 0.385874821875 0.044334878125 0.38021816406250003
1 0.225862075 0.23631146875 0.20368348125 0.204368021875 0.1531049984375 0.129176834375 0.12028069999999999 0.102224546875 0.12471641874999999 0.125183903125 0.158871428125 0.1611202796875 0.17572716093750002 0.195060196875 0.21032577031250002 0.24164438437500002 0.27109507499999996 0.30618455624999996 0.276429246875 0.28855231406250004 0.256912090625 0.274244309375 0.225862075 0.23631146875
0 0.2174228953125 0.10487059218749999 0.1934700359375 0.0423268921875 0.1837114578125 0 0.14645142656250001 0.0017320937500000001 0.1628635765625 0.0509782375 0.1837114578125 0.104217325 0.1908086140625 0.12983863125 0.2298429265625 0.19503183125 0.2600058015625 0.23629211562500002 0.284958259375 0.21263553750000003 0.258231490625 0.18173820624999998 0.2174228953125 0.10487059218749999
0 0.319887965625 0.238897571875 0.3664629890625 0.1686885359375 0.38420589375 0.10518422499999999 0.3992873171875 0.0506232984375 0.40771516874999997 0.030991390624999997 0.40194876874999996 0.0007116671875 0.373116590625 0.0017098968749999998 0.373116590625 0.0303231828125 0.35980941875 0.091880871875 0.3398487078125 0.15343855 0.33009012968749996 0.170076009375 0.2966675671875 0.210762046875 0.319887965625 0.238897571875
1 0.40729116875000004 0.03898529375 0.4180671921875 0.0331246828125 0.47167790624999995 0.0009923453125 0.44824005 0.0022048890625 0.4107246078125 0.0233626359375 0.40729116875000004 0.03898529375
1 0.1820571 0.116024578125 0.2627215828125 0.0493512296875 0.268323278125 0.027500298437499997 0.293344190625 0.0008869890625 0.273551540625 0.0003267109375 0.25151816718750003 0.022737915625 0.251891625 0.0443087046875 0.2126797328125 0.0695213125 0.177079334375 0.100776596875 0.1820571 0.116024578125
1 0.043929151562500005 0.14592694687500002 0.0031138265625000002 0.1283306796875 0 0.1343134109375 0.037830315625 0.154373153125 0.09459640312499999 0.1557808546875 0.1644985046875 0.17689637656249999 0.1553739109375 0.1629792171875 0.1006952703125 0.1476865734375 0.043929151562500005 0.14592694687500002
0 0.3814756640625 0.16326036093750002 0.373491196875 0.155274325 0.367281078125 0.17623766406250002 0.40587262968750004 0.21350580937500002 0.413788996875 0.1958149078125 0.3943395234375 0.1755721578125 0.3814756640625 0.16326036093750002
0 0.27373344843749997 0.045296131249999996 0.2936946171875 0.0799022734375 0.32119662656250003 0.1198324328125 0.34381927343749996 0.13879925937499998 0.3435316515625 0.12738718124999998 0.30123548906250003 0.0828970390625 0.27373344843749997 0.045296131249999996
1 0.3280716578125 0.22306361875 0.3266993609375 0.2336152578125 0.381934490625 0.256005328125 0.40732205468749993 0.272990896875 0.4060694140625 0.2572944640625 0.3737006625 0.2390197578125 0.3280716578125 0.22306361875
1 0.2889623484375 0.0309095421875 0.2786700734375 0.037086115625 0.2875900515625 0.10708724375 0.294794621875 0.13487970625 0.29616691875 0.1644757796875 0.29856845 0.20565805781250002 0.31022224375 0.19305044531249999 0.304400725 0.1587923578125 0.2889623484375 0.0309095421875
1 0.7829407109375001 0.3445824234375 0.7874733359375 0.348599975 0.8105485109374999 0.35230848593749997 0.842688934375 0.35663508125 0.8657641093749999 0.352926571875 0.8768896406250001 0.35508986875000004 0.8999648171875 0.3584893359375 0.920979709375 0.360652634375 0.9712506265625 0.3232584875 0.9988584265625 0.31027870156250004 1 0.305334021875 0.96544886875 0.32016806249999996 0.946082203125 0.3319116796875 0.9205346875 0.34890901875 0.911881496875 0.35169040156250003 0.8830375265624999 0.349527103125 0.8768566765625 0.344891465625 0.8624346921875 0.3452005078125 0.8307063250000001 0.34550955 0.8051588093750001 0.3377834875 0.7829407109375001 0.3445824234375
1 0.8158722828125 0.1912973265625 0.782495690625 0.1613202015625 0.748707040625 0.13937818125 0.7569481734375 0.151430840625 0.8006261859375 0.18851594375 0.8241134171875 0.20922179375 0.8364751187499999 0.2293095578125 0.8459524234375 0.2546510453125 0.8574900109374999 0.2500154078125 0.8426559703125 0.2188021125 0.8158722828125 0.1912973265625