0 0.5423954125 0.7437055515625 0.5686798 0.7190590718750001 0.62781960625 0.5131620156250001 0.6370191562499999 0.489501425 0.6133631984375 0.44513780937499997 0.602849478125 0.3613398546875 0.643590275 0.2471740375 0.668560403125 0.1880225296875 0.7224434375000001 0.0933801671875 0.7408424484375 0.050002407812500003 0.7395282765625 0.00268119375 0.6935306203125 0.0016953390624999999 0.704044340625 0.048989840624999996 0.6738173515625 0.1061696140625 0.6265054359375 0.1850382609375 0.5791935203125 0.2737388046875 0.554223390625 0.4058437953125 0.57525091875 0.47288216250000004 0.5739366609375 0.517245778125 0.567365540625 0.5517508078125 0.5397669828125 0.657237609375 0.5118657484375 0.71349921875 0.5423954125 0.7437055515625
0 0.5371385531249999 0.5425904671875 0.5502807015625 0.513014728125 0.54896653125 0.4952692859375 0.5410812421875 0.39271081093750004 0.543472484375 0.31781830625 0.5218686328125 0.312146171875 0.5134825953125 0.3177855859375 0.49376932656249994 0.344403775 0.5055973046875 0.388767390625 0.502968875 0.5139713609375 0.455656959375 0.6539083906250001 0.497712015625 0.6972861499999999 0.5200537140625 0.6737096015625 0.521367884375 0.6175156921875 0.5371385531249999 0.5425904671875
0 0.38600334531249997 0.542506425 0.3728611953125 0.5227892546875 0.3452625484375 0.38279740625 0.3110928703125 0.335493771875 0.3163497296875 0.3818290984375 0.315035559375 0.40746143124999995 0.3373772578125 0.49520280781250003 0.3373772578125 0.5336512578125 0.32029241875 0.5366088234374999 0.3373772578125 0.551396684375 0.3492052375 0.55632599375 0.4306868296875 0.6923755109374999 0.442514809375 0.723922975 0.4569360203125 0.6567553640625 0.420173021875 0.596728625 0.38600334531249997 0.542506425
1 0.47434017500000003 0.1971900203125 0.455976928125 0.0229966890625 0.4332928515625 0.0019288062500000002 0.41708998125 0.0124627484375 0.4354532296875 0.0845797625 0.45381655 0.28378555156249996 0.48406191249999997 0.3413171203125 0.513227121875 0.3106325 0.487302515625 0.286323384375 0.47434017500000003 0.1971900203125
1 0.5499536171875 0.21328913906250002 0.5380715031250001 0.1565679 0.5218686328125 0.146844259375 0.49810440468749995 0.127396978125 0.48622229062500005 0.094174525 0.4689391953125 0.09822604375 0.48190153437500005 0.131448484375 0.511066671875 0.1776357828125 0.5240290109375 0.21085823593750003 0.5186280296875 0.31052556875000004 0.550220471875 0.3029728578125 0.5499536171875 0.252183728125 0.5499536171875 0.21328913906250002
1 0.2172074140625 0 0.2483504625 0.018774528125000002 0.3019857546875 0.04732795625 0.32505470000000003 0.0529521140625 0.354467603125 0.052519487499999996 0.41502355468749996 0.059008912499999996 0.46808210624999996 0.068526721875 0.5165268828125 0.08972547187499999 0.545939746875 0.09967590781249999 0.58111990625 0.1078958390625 0.6053422562499999 0.122172553125 0.6318715703125 0.16672950312499998 0.649148284375 0.145101809375 0.6151216078124999 0.1109242375 0.5845552609375 0.091455978125 0.53784066875 0.0797750375 0.5199622374999999 0.075881384375 0.47267094375 0.057278392187500006 0.43979770937499996 0.0438669453125 0.40346410781250003 0.044732198437499995 0.356749515625 0.040405920312499996 0.32964351875000003 0.037810146875 0.30715129375 0.037377521875 0.23739273125000002 0 0.2172074140625 0
1 0.5353430390625 0.14534435 0.5361141890625001 0.158071309375 0.5538513328125 0.1384023734375 0.645621653125 0.08633754375 0.669528159375 0.0672471046875 0.6494775109375001 0.0730320875 0.575444334375 0.1129484546875 0.5307159265625 0.1459228453125 0.5353430390625 0.14534435
1 0.83224695 0 0.7852050375 0.020388762499999998 0.7032681953125001 0.0497007203125 0.70500239375 0.06669006093749999 0.8415011234374999 0.0163607203125 0.869263590625 0 0.83224695 0
1 0.5407412500000001 0.3179245828125 0.5546224843750001 0.328916053125 0.5685037171875 0.3156105984375 0.5692749203125 0.29883414375 0.5471946859375 0.31752795312500004 0.5407412500000001 0.3179245828125
1 0.634053925 0.27801295000000004 0.6772399796874999 0.253137528125 0.758984975 0.2028081875 0.8222216265625001 0.1571068375 0.83224695 0.1212399453125 0.8199081218750001 0.14380138125 0.7852050375 0.17677104375 0.7636120359375 0.191233496875 0.7119430109375 0.2218938921875 0.642195953125 0.2577280484375 0.634053925 0.27801295000000004
1 0.690350009375 0.176775771875 0.6841805953125 0.18661022968750002 0.739705478125 0.169833796875 0.796772715625 0.1547928328125 0.8168234140624999 0.13223141562500002 0.8391875671875001 0.1090914921875 0.8229928281250001 0.1131409765625 0.79831506875 0.148429353125 0.7767220671875 0.1536358390625 0.738163125 0.1611563125 0.6888483609375 0.1762602203125 0.690350009375 0.176775771875
1 0.33183309375 0.2894181078125 0.33464908437499996 0.281203190625 0.347477471875 0.2781519328125 0.3427841609375 0.2624262375 0.318691809375 0.230547096875 0.30282003281250003 0.22393502031249998 0.29256757968749997 0.22329411875 0.30452877031250003 0.229703165625 0.3199074515625 0.2431621640625 0.3335774078125 0.265914271875 0.332295840625 0.2742460390625 0.32033465 0.281936890625 0.3130725015625 0.3242157984375 0.3283913296875 0.34340863125 0.32776555625000003 0.3164167625 0.33183309375 0.2894181078125
1 0.27212072656249997 0.28801360468750004 0.2469167765625 0.24763661093749997 0.23666432343750002 0.2306526421875 0.2161594171875 0.19736445625000001 0.19779041718749998 0.16788284375 0.1866835953125 0.14705344375 0.182838921875 0.1525011328125 0.196508878125 0.1784577640625 0.20932443906249998 0.2127461625 0.22342156562499998 0.23389601249999997 0.2298293453125 0.2431891328125 0.2571692296875 0.2896490046875 0.28237317968750003 0.3293850859375 0.3080043265625 0.3505349265625 0.3109946328125 0.3268214640625 0.3101402640625 0.327108771875 0.2909168953125 0.3126884203125 0.27212072656249997 0.28801360468750004
0 0.211236009375 0.2640450125 0.19410876562499998 0.24882079531249998 0.18903402656249998 0.2431117140625 0.19918350468749998 0.27498741875 0.228363253125 0.3049600953125 0.25690866093750003 0.345875178125 0.2924318328125 0.3858387484375 0.3108277625 0.40915082968750005 0.3139994734375 0.37584785468750004 0.257543003125 0.3049600953125 0.211236009375 0.2640450125
1 0.047575678125 0.1974390625 0 0.170796684375 0.00253736875 0.1950602796875 0.0279110640625 0.2026723875 0.093248328125 0.2293147671875 0.180153234375 0.25928744375 0.19537745 0.272608634375 0.18966836874999998 0.24882079531249998 0.1401896640625 0.2293147671875 0.047575678125 0.1974390625
1 0.1401896640625 0.1983905765625 0.128137159375 0.193633009375 0.0507473890625 0.1641360890625 0.006977765625 0.1722239546875 0.0488443625 0.16746638593750002 0.124965446875 0.20219663125 0.1382866375 0.2069541984375 0.1617573046875 0.2374026328125 0.185862315625 0.2431117140625 0.18903402656249998 0.23930565937499998 0.1535108546875 0.210760253125 0.1401896640625 0.1983905765625
1 0 0.0204575421875 0.044403965625 0.07183927343749999 0.060262525 0.0880150046875 0.07612108437500001 0.10323922031249999 0.07612108437500001 0.1141816265625 0.1040321484375 0.1641360890625 0.1287715015625 0.1964970640625 0.14399571875 0.19981784687499998 0.12052505 0.166039115625 0.08627056250000001 0.1113270859375 0.0824645078125 0.086587734375 0.06597160625000001 0.0746938140625 0.07168068749999999 0.002378784375 0.060262525 0.00047575624999999995 0.062165553124999995 0.025215109375 0.056456471875000004 0.065178678125 0.0507473890625 0.0689847328125 0 0.008563621875 0 0.0204575421875
1 0.0179055703125 0.1114336046875 0.0007619390625 0.1134336953125 0 0.1174338765625 0.0118100578125 0.11486233125 0.0316204765625 0.1137194234375 0.0445734421875 0.1125765140625 0.0590502859375 0.1134336953125 0.077717796875 0.11886251249999999 0.075431978125 0.1142908765625 0.048002168750000004 0.1077191515625 0.0179055703125 0.1114336046875