0 0.8741019296875001 0.7697348359375 0.8794425921875 0.7216681546875 0.8687611296875 0.6869532828125 0.8473982046874999 0.62286435625 0.8011116421875 0.585479153125 0.767287034375 0.601501371875 0.7744079187499999 0.630875478125 0.8135734609374999 0.637551409375 0.8260351453125001 0.669595871875 0.811793240625 0.6922940484375 0.7904301796875 0.7230033203125 0.8331561656250001 0.8004441078125 0.8812228140625 0.9326275609374999 0.9114871156250001 0.9940127249999999 0.9662296937500001 0.9833646249999999 0.92572901875 0.9152701499999999 0.8741019296875001 0.7697348359375
0 0.7303468015625 0.8521825734374999 0.6911813953125 0.7880936468749999 0.6413343890625 0.7627251390625001 0.5576627765625 0.7133232406250001 0.48467262499999997 0.6038379625 0.452628103125 0.5584416375 0.418803359375 0.5023638078125 0.3119884640625 0.4222526375 0.253240353125 0.3741859296875 0.2728230578125 0.296611621875 0.249679775 0.25922639375 0.22831685156249998 0.280589378125 0.22475627343750001 0.325985728125 0.2016131265625 0.37805795937500003 0.24255875468750002 0.41544321249999994 0.3653959109375 0.4928840015625 0.42770460000000005 0.593022965625 0.5184972328125 0.712422 0.507815771875 0.7324497921875001 0.5238380328125001 0.7471368203125001 0.637773946875 0.8032146499999999 0.6733789125 0.8405998531250001 0.72322578125 0.8926721343749999 0.79087526875 0.9861351671874999 0.868316040625 0.99004055625 0.8104579734374999 0.9322937437500001 0.7303468015625 0.8521825734374999
1 0.273536725 0.2845866015625 0.27687248750000004 0.2545642609375 0.3080067796875 0.1978554390625 0.32913361406249997 0.1136261484375 0.3335812984375 0.0602531375 0.34914844375 0.028562900000000002 0.328021609375 0 0.3113425421875 0.011883840625 0.3080067796875 0.0352345359375 0.3113425421875 0.0552494140625 0.30355901093750004 0.09944893437499999 0.29021579218750004 0.1628293921875 0.275760565625 0.21453450625 0.25046396406250004 0.2597764703125 0.273536725 0.2845866015625
1 0.17791000625 0.1061205703125 0.1556712921875 0.07443033437499999 0.11564150625 0.0010424453125 0.08339533437499999 0.0060461609375000004 0.127872846875 0.0777661609375 0.16901455468749998 0.16783313125 0.181245853125 0.18951590625 0.199036840625 0.20953080000000002 0.217939834375 0.27624706718750003 0.2490740421875 0.2576915859375 0.22461144375000003 0.188681965625 0.17791000625 0.1061205703125
1 0.6955147562499999 0.561078078125 0.6454296796875 0.54054319375 0.636748296875 0.5355346859375001 0.5946768109375 0.4869521625 0.5479307390625 0.4524811140625 0.5058592796875 0.412413053125 0.5051914625 0.42092751093749997 0.53924933125 0.4534828109375 0.56061894375 0.474518546875 0.5953446015625 0.50306704375 0.618049846875 0.5356223453125 0.6320736578124999 0.55014700625 0.674812934375 0.566174234375 0.7108742 0.5832031671875 0.760959278125 0.6137550578125001 0.772311875 0.59551156875 0.7449320421875 0.5801104125000001 0.6955147562499999 0.561078078125
1 0.6975181796875 0.4384572875 0.685497740625 0.46700578437500007 0.704196190625 0.5626682749999999 0.73558281875 0.5693045515625 0.7175522109375 0.506573003125 0.6975181796875 0.4384572875
1 0.773480546875 0.5509358609375 0.7561177296875 0.5404179828125 0.7561177296875 0.5604520140625 0.7601245265625 0.5774809484375 0.7768195515625 0.59400901875 0.8008603781250001 0.5864962578124999 0.784165353125 0.58198859375 0.773480546875 0.5509358609375
1 0.1270702953125 0.3012689359375 0.11033311875 0.2913587734375 0.11385674531250001 0.2589855671875 0.1129758546875 0.1321354984375 0.104166821875 0.088167415625 0.06804980000000001 0.0564548890625 0.04074174375 0 0.029290042187499997 0.019456959375 0.06716884375 0.0676864109375 0.098881415625 0.1079877390625 0.09711956875 0.1681093796875 0.10592860156249999 0.2328557921875 0.0935959421875 0.2784425234375 0.0962386796875 0.2896740453125 0.1191421515625 0.311476396875 0.20370885468750002 0.3643305953125 0.20943474062499998 0.3561051609375 0.16671094375 0.3257140078125 0.1270702953125 0.3012689359375
1 0.0011010953125000001 0.3101550375 0.032813668750000004 0.322047253125 0.1147376359375 0.327993334375 0.16935367968749998 0.35045637812499997 0.1147376359375 0.3200652 0.0768588328125 0.31940453281250003 0.0011010953125000001 0.3101550375
1 0.013433754687499999 0.2480513578125 0.0037438328125000003 0.2480513578125 0.0037438328125000003 0.2526761046875 0.0398608546875 0.26787169375 0.0698115796875 0.28769201875 0.0830251296875 0.3108157296875 0.1026252140625 0.318083171875 0.068930690625 0.276460496875 0.013433754687499999 0.2480513578125
1 0.001982053125 0.2090713890625 0 0.2156781640625 0.061002546874999994 0.25862219999999997 0.0944769 0.28769201875 0.0982206984375 0.2833976046875 0.0768588328125 0.25796151875 0.001982053125 0.2090713890625