0 0.512984353125 0.3448354578125 0.5365215 0.331922721875 0.5549589203124999 0.3230227421875 0.573483521875 0.3164846484375 0.5811112984375 0.3089658359375 0.5913543078125 0.30275464687500003 0.6042125640625 0.298995240625 0.6250309453125 0.29474547812499996 0.63636364375 0.2918033375 0.6481322171875 0.2900053640625 0.655977928125 0.28869774531250003 0.6777715765625001 0.2818327453125 0.70152665625 0.2743139328125 0.722579325 0.263526078125 0.7330402671875 0.2620550078125 0.7432832921875 0.26025703125 0.76180789375 0.256661078125 0.771615034375 0.2551900078125 0.785127090625 0.2509402453125 0.7949342328125 0.2502864359375 0.7992929625 0.2501229828125 0.8003826453125 0.24865191250000002 0.8012543937500001 0.24472905625000002 0.8016902609375001 0.242277271875 0.77274285625 0.2517575078125 0.7486739359375 0.2555969578125 0.728725140625 0.25747834062499997 0.711944021875 0.264016434375 0.6808184578125 0.276012140625 0.655958896875 0.27891206562500004 0.627555984375 0.28840944999999996 0.5990881203125 0.2918531453125 0.559141240625 0.31113783125 0.5352649703125001 0.3200914328125 0.5187352421875 0.330078153125 0.50633791875 0.3362768 0.512984353125 0.3448354578125
1 0.8028548921875001 0.24398895468749998 0.8084109843749999 0.24255203593750002 0.8181820343749999 0.23809758125 0.836574603125 0.22990714375 0.8572662515625 0.2151068671875 0.8649298234374999 0.20835334687499998 0.8681868343750001 0.20361151249999998 0.8614812093750001 0.208784421875 0.8471120140625 0.2184117875 0.8425138671875001 0.2220040859375 0.8317848703124999 0.22818283906249998 0.8202895140625 0.2332120578125 0.8126259421875 0.2385286609375 0.8035254515625001 0.2414384203125 0.8028548921875001 0.24398895468749998
1 0.7994062796875 0.24981207031250002 0.8028548921875001 0.25196745 0.8110932375000001 0.25196745 0.8197147546875 0.2518237609375 0.8335091765625 0.2499557609375 0.8377241359375001 0.2499557609375 0.8444297609375001 0.252398525 0.849985853125 0.2575714390625 0.855158771875 0.256202771875 0.8530512781249999 0.25390369687500003 0.8402148015625001 0.2480123296875 0.8329344031250001 0.24686279375 0.8222054062499999 0.24844340312500002 0.809752103125 0.24901817343750002 0.8023280187499999 0.24862301874999998 0.7994062796875 0.24981207031250002
0 0.49734085937500006 0.252834640625 0.5185469859375 0.21909111406249998 0.5265709109375 0.2104940375 0.557806959375 0.19523423125 0.5962072375 0.17889978906249998 0.6386194890625 0.1595563671875 0.6509419515625 0.1574070984375 0.6572464874999999 0.1563324640625 0.6601121796875 0.15310855625 0.6552404890625 0.1436517734375 0.631168671875 0.15246377656250001 0.5515024453125 0.18935060625 0.5377471140625001 0.1921446546875 0.5228455234375 0.1977327546875 0.5093767578125 0.214282125 0.49848712968750003 0.2304016421875 0.49046319531250004 0.2421151609375 0.49734085937500006 0.252834640625
1 0.6607282984375 0.14975032500000002 0.6776358859375 0.14072339375 0.7197615515625 0.1164366546875 0.7375503375 0.10697986875000001 0.7478668359375 0.10397089687500001 0.7593296031250001 0.10246640625 0.7828282703125 0.0902155703125 0.8278196281250001 0.0678685421875 0.8404286765625001 0.0652894265625 0.848166059375 0.0670088390625 0.8504586 0.0637849359375 0.853324290625 0.056477418749999994 0.8421480875 0.055402784375 0.7594800390625001 0.0916125953125 0.7371276546875001 0.097845475 0.6806735078124999 0.13094422187500002 0.6577479703125 0.14486073593749998 0.6607282984375 0.14975032500000002
1 0.66617311875 0.1570578359375 0.6862329625 0.153404084375 0.711451040625 0.1503951046875 0.7320840359375 0.14760105625 0.7512841640625 0.1445920765625 0.74985131875 0.1405084703125 0.7220541140625001 0.1437323734375 0.7082987828125 0.1454517875 0.6882389390625 0.1478159796875 0.6647402718750001 0.1538339328125 0.66617311875 0.1570578359375
1 0.850680703125 0.0688303421875 0.8575583468750001 0.072269178125 0.8684479859374999 0.073773659375 0.880483884375 0.076567715625 0.8976780359375001 0.07742741875 0.9100005203125001 0.075922928125 0.9180244671875 0.067110928125 0.92203641875 0.051851121874999996 0.9100005203125001 0.07119454374999999 0.9048422671875 0.0720542453125 0.8865018546875 0.072269178125 0.8741793703124999 0.07054975625 0.8684479859374999 0.0666810734375 0.854406090625 0.0645318046875 0.850680703125 0.0688303421875
0 0.1419013015625 0 0.18294517187499998 0.0285925875 0.2416694484375 0.06174340625 0.27324165625 0.09015839375 0.32059996874999996 0.1299393640625 0.364801059375 0.17965375156250002 0.4260511703125 0.25378135625 0.438222228125 0.23217412187500003 0.40649214999999994 0.1986681140625 0.35787096875 0.139943809375 0.2928322015625 0.0717123234375 0.2385280140625 0.035246429687500004 0.1810508203125 0 0.1419013015625 0
0 0.4950522015625 0.159952696875 0.5038924296875 0.14763954375 0.5342017671875 0.1324848796875 0.5581966171875 0.1173302171875 0.5682997140625 0.10454346875000001 0.5708255 0.0898624 0.6036606250000001 0.0571851578125 0.6175523765625 0.029243765625 0.6428101421875 0.0017759484374999998 0.624498253125 0 0.59545183125 0.040846545312499996 0.5569337484375 0.087257696875 0.545567734375 0.10430668125 0.5102068703125 0.1194613453125 0.4836862359375 0.1275122609375 0.4792660984375 0.14692916250000002 0.4950522015625 0.159952696875
1 0.5017297421875 0.1196981328125 0.5061498328125 0.0998076375 0.51814728125 0.092230315625 0.5301447296874999 0.087020909375 0.542142178125 0.07802282187500001 0.56297980625 0.068551159375 0.5844489171875 0.0690247453125 0.5939205796875 0.07565490625 0.6141267734375 0.077549246875 0.6444361109375001 0.065236075 0.653544675 0.053396496875 0.6131322875 0.0718662359375 0.604292059375 0.06428891406250001 0.5626167546875 0.058132328125 0.545567734375 0.0647624890625 0.5291501953125 0.0766020671875 0.5108383046875 0.0789699921875 0.496946553125 0.0893888234375 0.4862119734375 0.121592471875 0.5017297421875 0.1196981328125
1 0.31667770625 0.1714158125 0.30338534375 0.1669850296875 0.269416059375 0.16107732187499998 0.24184672968749998 0.157015771875 0.21230819531249998 0.1518465296875 0.190646634375 0.1492619046875 0.1581542171875 0.1422465046875 0.11975414531249999 0.132277253125 0.10104639062500001 0.12452338593750001 0.096615603125 0.1326464796875 0.085292503125 0.135231103125 0.059200134375000005 0.13707726250000002 0.0464001109375 0.14076957968749998 0.014880025 0.1740004375 0.0227569609375 0.173631196875 0.0286646890625 0.16993887968750002 0.0424493171875 0.1592311625 0.05426473750000001 0.1466772875 0.0887263609375 0.1422465046875 0.10989565937500001 0.139292653125 0.15961885 0.151477296875 0.20320048906250002 0.16107732187499998 0.24356984218750002 0.165138871875 0.26966219062499996 0.1725235046875 0.289354546875 0.1743696625 0.3080623 0.1769542875 0.359262396875 0.195785096875 0.38240097500000003 0.203908196875 0.3687393578125 0.187938925 0.34030851093750003 0.1788004453125 0.31667770625 0.1714158125
1 0.0835694296875 0.059353996875 0.0441847171875 0.064892471875 0.023507739062499998 0.0652616984375 0 0.0940617734375 0.027716971875000003 0.077446346875 0.0370708484375 0.07080017968749999 0.0641478390625 0.0678463296875 0.0981171609375 0.06415400624999999 0.12519415 0.06563093125 0.1517788390625 0.07375403124999999 0.1650711640625 0.0748617234375 0.1650711640625 0.07116940625 0.1552003703125 0.06840016875 0.1219695203125 0.060461689062500004 0.0835694296875 0.059353996875
1 0.12125566406249999 0.09221561406249999 0.11387103125 0.10144640625000001 0.0986094625 0.1128925828125 0.0641478390625 0.125446465625 0.044947784375 0.130246475 0.03953239375 0.1354157234375 0.0882709828125 0.12507723906249998 0.10993258125000001 0.11621567343749999 0.119778759375 0.103661790625 0.1266710921875 0.09590793125 0.145871109375 0.09036945625000001 0.1660558046875 0.0811386640625 0.1583019171875 0.07670788125 0.1365172703125 0.087046365625 0.12125566406249999 0.09221561406249999
1 0.16731460468749998 0.07570075937500001 0.2030810921875 0.07751939531249999 0.24369734375 0.07979270000000001 0.30310611875000004 0.06979019374999999 0.32917326562500004 0.067516896875 0.36736461249999997 0.0652436015625 0.36372739374999996 0.0593330265625 0.330385671875 0.0593330265625 0.292194325 0.063424965625 0.25036566875 0.07251815 0.23702901718749997 0.07388212499999999 0.16913321406249998 0.0702448546875 0.16731460468749998 0.07570075937500001
1 0.5078602890624999 0 0.48638628125 0.030485434375 0.4673664546875 0.05533391875 0.45877684218750003 0.0824832078125 0.4661393875 0.08432382656250001 0.47595606718749994 0.06361674687499999 0.5084738234375 0.018981500000000002 0.5231988671875001 0 0.5078602890624999 0
1 0.479675615625 0.064260521875 0.5007976843749999 0.058383815625 0.5113587453124999 0.054040159374999994 0.5287333546874999 0.049185493749999996 0.5508774703125 0.03870961875 0.5713181921875 0.02772273125 0.5961877234374999 0.015202790625 0.619694559375 0.0031938640625000002 0.614925078125 0 0.5798351609375 0.0198019515625 0.5277113078125 0.041775728125 0.5181723203125 0.046119384375 0.507611259375 0.048418959375 0.4984129453125 0.055573220312500005 0.48427477343750003 0.057553409374999996 0.479675615625 0.064260521875