0 0.58102165625 0.9403985296874999 0.58102165625 0.9079708390624999 0.604388303125 0.8246273609375001 0.603220009375 0.7650305109375 0.59387335 0.6274318984375 0.562328259375 0.5853635265625 0.5448032359375 0.63970183125 0.54012990625 0.6773880812499999 0.526109840625 0.696669415625 0.542466571875 0.732602821875 0.54830819375 0.8149866937500001 0.5295803390625 0.89259551875 0.58102165625 0.9403985296874999
0 0 0.6993818515625 0.0845540984375 0.7388209296875 0.200219353125 0.778260021875 0.28667618125 0.7949120921875 0.3263996375 0.8080584765625 0.3521030265625 0.8080584765625 0.44556984843749997 0.8378569015625 0.486461596875 0.9053415453125 0.5098283218749999 0.9298814406250001 0.514159603125 0.9033129296875 0.47587143281250005 0.8352276062499999 0.4676930671875 0.81769914375 0.4291379828125 0.8098113187499999 0.33450275 0.7957885140625 0.190872615625 0.7598551375 0.11726748281249999 0.7388209296875 0 0.6844826390625001 0 0.6993818515625
1 0.47679631875000006 0.77210364375 0.472417896875 0.7551338671875001 0.44833650468749997 0.755681278125 0.41841719375 0.755681278125 0.400173721875 0.7792199984375 0.391416853125 0.7764829453125001 0.3863086703125 0.76772434375 0.3746328546875 0.720646921875 0.3797410390625 0.78031481875 0.3863086703125 0.7879786 0.395795275 0.7879786 0.42425511406250005 0.7759355359375 0.43082277031249994 0.76772434375 0.4490662421875 0.7660821125 0.4381201640625 0.7950949546875 0.4417688484375 0.8082328406249999 0.4636610046875 0.8098750718750001 0.46220153125 0.7852415296874999 0.47679631875000006 0.77210364375
0 0.43957963749999995 0.59802661875 0.3498217265625 0.4946114078125 0.32424890156249997 0.47599939999999996 0.2979783234375 0.46778822499999995 0.22281517499999998 0.4458917359375 0.1535830796875 0.43275385 0.05579801250000001 0.3922453625 0.14701542343750001 0.44205985468750003 0.16598863125000002 0.44315468437499994 0.229475915625 0.4530080984375 0.2761792265625 0.472714928125 0.322152775 0.4874950546875 0.380531925 0.5509948421875001 0.4338028921875 0.615042059375 0.510425490625 0.688328703125 0.5301284609375 0.6987295375 0.5378568484375 0.6911529984375 0.49503981562500005 0.6522204125 0.43957963749999995 0.59802661875
1 0.3961616703125 0.54239689375 0.4130038515625 0.5021549171874999 0.45167843124999996 0.43622031562499997 0.4117562875 0.4067407140625 0.39803303749999996 0.3543011609375 0.36746760625 0.30048918750000003 0.33315948125 0.19718193125 0.2651670140625 0.089539803125 0.2196307890625 0.0006330843749999999 0.2015410421875 0.0043765296875 0.238968078125 0.07643827812500001 0.30571298125 0.18407606875 0.3418924734375 0.29121939375 0.3574870484375 0.3272500125 0.3793194875 0.35205031249999996 0.38867624218749997 0.37076750625 0.3911714125 0.4054213890625 0.3961616703125 0.41477999062500004 0.42797466562500003 0.43349719374999995 0.42984599062499995 0.449406815625 0.3949141046875 0.5083660125 0.382918559375 0.5331676828125 0.3961616703125 0.54239689375
1 0.4797487328125 0.4853094203125 0.47039197968749996 0.47595083125000004 0.434836290625 0.466124296875 0.366843803125 0.45676569218749996 0.35062542343750003 0.450682603125 0.339397303125 0.4520863890625 0.3443876015625 0.45957327968749995 0.3774481625 0.46284878125000006 0.4098849203125 0.4717394578125 0.450430865625 0.47875840312499995 0.4796593234375 0.49649881718750005 0.4797487328125 0.4853094203125
0 0.5168327781250001 0.45140291093749996 0.49987037343749996 0.332643009375 0.49280279218749995 0.2881080625 0.4631186078125 0.20433991406250002 0.4249532703125 0.18631386875 0.481494490625 0.349608709375 0.4800810125 0.4832135703125 0.49280279218749995 0.5097225 0.5210734031250001 0.5956113375000001 0.543689815625 0.621059878125 0.5645384875 0.5878420765625 0.5337950874999999 0.5309295953125 0.5168327781250001 0.45140291093749996
0 0.5926628390625 0.6084635625 0.6350465546875 0.53847034375 0.6507442203125 0.3865655828125 0.6468197906250001 0.3618749015625 0.6075756515624999 0.302997090625 0.536936178125 0.2430744125 0.4600176078125 0.16011150624999998 0.42548275156250004 0.12478480781250001 0.3964420875 0.09828979374999999 0.301471234375 0 0.267721259375 0.004674078125 0.33836075781249997 0.061141978124999996 0.412909365625 0.151159109375 0.44273493750000004 0.1853082359375 0.4835488375 0.23005537656250002 0.5455546234375 0.2812790671875 0.612269665625 0.37724990625 0.6075603828125 0.4231368296875 0.602066190625 0.5297056734375001 0.5832290015625 0.5579670171875 0.5690045921875 0.5821600734375 0.5926628390625 0.6084635625
0 0.7503074609375 0.5699248531250001 0.7260437296875 0.566201840625 0.706191571875 0.567442840625 0.6911939359375 0.5699248531250001 0.6564526609375 0.5707521859375 0.6294317140625 0.5790255421875 0.61785129375 0.57778454375 0.6139911484375 0.5852305531249999 0.6255715671875001 0.5860578859375 0.6630700578125001 0.579852875 0.6922968296875001 0.57778454375 0.7292438546875 0.576957196875 0.758470625 0.5848168859375 0.8003807281249999 0.5980542546875001 0.8257473531249999 0.6141873015625 0.8362248593749999 0.6203923125 0.8425508875000001 0.6050827125 0.794974759375 0.5831622203125 0.7503074609375 0.5699248531250001
0 0.795969115625 0.471057965625 0.7728082781250001 0.454511259375 0.7513017984375 0.44292856406250003 0.7237293874999999 0.4139718296875 0.7071859468749999 0.38417165781249996 0.7005685484375 0.35356025 0.697811296875 0.3225351765625 0.7237293874999999 0.309297809375 0.733655465625 0.303920128125 0.7292438546875 0.29978345 0.7286924265625 0.2882007546875 0.7171119890625001 0.30102445625 0.69505408125 0.3171574921875 0.6906424703125 0.35976526875000003 0.7000171203125001 0.39409968125 0.7171119890625001 0.418506084375 0.7281409609375 0.4396031296875 0.7645365578125001 0.46400953281249996 0.8218872062499999 0.5194646125 0.8494596187499999 0.550076028125 0.85395388125 0.520470075 0.82629878125 0.5008423468750001 0.795969115625 0.471057965625
0 0.8887422125000001 0.536919471875 0.9183884843750001 0.477615221875 0.9381526671874999 0.344750925 0.9335917140625 0.365279315625 0.9168681671875 0.4342775171875 0.905465759375 0.46335940156250005 0.8910226640625 0.476474759375 0.8704751734375 0.5180466046875 0.8887422125000001 0.536919471875