0 0.46674701250000006 0.2226803265625 0.48048444999999995 0.1731586109375 0.5035617484375 0.128016871875 0.5055655453125001 0.0889350140625 0.4975502875 0.05285944375 0.531614984375 0.004857045312500001 0.46649138749999997 0.004857045312500001 0.4474552078125 0.0206401078125 0.4404418828125 0.082269190625 0.42603529062499995 0.1416458109375 0.41725861406250003 0.1679810640625 0.390928534375 0.2034763953125 0.3813296796875 0.24378745781250002 0.3690586359375 0.2923014703125 0.3622935671875 0.3475047 0.3632954328125 0.440750340625 0.3793258828125 0.462545978125 0.3923506015625 0.521168771875 0.4694970515625 0.5106467390625 0.46148185937499997 0.46780700781249995 0.4434476125 0.4031716125 0.43650758749999996 0.3778135828125 0.43469300781250003 0.33008683125 0.46674701250000006 0.2226803265625
1 0.44394438125 0.21786709218750003 0.45886274687500006 0.20427799531250002 0.53665161875 0.16910624999999999 0.586734884375 0.14672424374999998 0.7295253875000001 0.0396102953125 0.8339543062500001 0 0.7700182375 0.0020404765625 0.7263285578125 0.0244224875 0.6027188828125001 0.11395057812500001 0.5046836203125 0.1675075390625 0.4524691609375 0.1906889265625 0.42902594374999997 0.197083796875 0.3853363359375 0.31458939375 0.4045171640625 0.3241816859375 0.406648359375 0.3065958125 0.42902594374999997 0.2458446125 0.44394438125 0.21786709218750003
1 0.5579636421874999 0.0436070859375 0.5995220546875 0.0044385484375 0.5803412984375 0.006836621875 0.484437159375 0.0843743328125 0.45886274687500006 0.0987627703125 0.4418131859375 0.136332596875 0.433288334375 0.20187992968750001 0.4466789140625 0.1882258640625 0.45992837968750006 0.113151209375 0.5579636421874999 0.0436070859375
1 0.4200398328125 0 0.40583926875 0.00233730625 0.4235899640625 0.0476105234375 0.44015728281250005 0.101316978125 0.453679175 0.0893839359375 0.44370745312500004 0.0706909828125 0.4200398328125 0
1 0.333298440625 0 0.338065396875 0.00602629375 0.35045943125 0.048222003125 0.36046998750000003 0.08932835781250001 0.3666670046875 0.11149898750000001 0.37667759375 0.14296697187500002 0.3885949515625 0.190456275 0.3900250125 0.21334208437500002 0.41004615624999996 0.1810006484375 0.3962220296875 0.14917506875 0.3885949515625 0.10752187499999999 0.38335131875 0.10430355625000001 0.37143396093750003 0.0588895328125 0.35713315625000003 0 0.333298440625 0
1 0.23509951875 0.02240163125 0.180756425 0 0.172652621875 0.0002310015625 0.2026843390625 0.015249815625 0.2584575265625 0.045287435937499995 0.309940465625 0.0774706 0.359516603125 0.113229671875 0.36905048281249997 0.12181184687499999 0.362853465625 0.10534968125 0.3170908671875 0.0731665140625 0.23509951875 0.02240163125
0 0.6241852296875 0.0282367703125 0.6552427765625 0.03170665625 0.7001771359375 0.0411248984375 0.72066196875 0.0217927109375 0.6968731703125 0.01386155625 0.66779799375 0.007417496875 0.6387228171875 0.0064260984375 0.630793203125 0.0009734296874999999 0.6076652265625 0.0010013609375 0.5984140171875 0.000009970312500000001 0.59970143125 0.006609504687499999 0.615594840625 0.023775501562500002 0.6241852296875 0.0282367703125
1 0.50837406875 0.0387487796875 0.5167691640625 0.038176274999999996 0.5408096546875 0.037890023437499996 0.5495863562500001 0.029588690625000004 0.5213356250000001 0.0289999890625 0.50837406875 0.0387487796875
1 0.57057409375 0.03474124375 0.5824035484375 0.033309975 0.6411692140625 0.0235773828125 0.6758943640624999 0.030447446875 0.6965005203125 0.033309975 0.7026060249999999 0.0335962265625 0.7003164859375001 0.0275849234375 0.664828096875 0.02443614375 0.6407876078125 0.017566075 0.576318865625 0.0289999890625 0.57057409375 0.03474124375
1 0.6068256453124999 0.080827928125 0.6232342281250001 0.095999325 0.6251422125 0.0934230484375 0.61293115 0.080255425 0.61903668125 0.075102871875 0.5961409609375 0.0639390203125 0.5621789984375 0.0407022125 0.5621789984375 0.040752542187500004 0.5616530187500001 0.040357979687500004 0.5556918875 0.04561884375 0.59079864375 0.0645115234375 0.6068256453124999 0.07710664375000001 0.6068256453124999 0.080827928125
0 0.3350920234375 0.16239456875 0.310089465625 0.164968871875 0.278713709375 0.164968871875 0.2698892734375 0.1712207328125 0.2502794546875 0.1734272796875 0.2404745296875 0.1734272796875 0.2375330296875 0.17747260625 0.260574609375 0.18776980625 0.27479175312500004 0.1874020375 0.2948918328125 0.1833567109375 0.3292090546875 0.1859310140625 0.3478384171875 0.1837244796875 0.38558736875 0.1973314828125 0.3834458984375 0.1759728171875 0.3527408640625 0.164233359375 0.3350920234375 0.16239456875
1 0.2738112640625 0.19144736406250001 0.22772810312499997 0.17563382656249998 0.151739971875 0.1418001859375 0.0919299609375 0.10576000468749999 0.07330060000000001 0.09656608125 0 0.0734039390625 0.00025391875000000004 0.082230103125 0.048298040625 0.0998824453125 0.0718298484375 0.1053987953125 0.1237959453125 0.1329805671875 0.153210721875 0.149897384375 0.21302073125 0.1756403671875 0.266457578125 0.197338021875 0.328228565625 0.23075237343750002 0.3620555609375 0.26605704375 0.3678083640625 0.25887871093750003 0.3350920234375 0.226384278125 0.2738112640625 0.19144736406250001
1 0.22870862500000003 0.1840472484375 0.21302073125 0.179634165625 0.19782309843749998 0.1788986421875 0.1929206515625 0.18846032968749998 0.185566965625 0.206112659375 0.17429129062499998 0.20317059999999998 0.13114963125 0.20317059999999998 0.11350075781249999 0.20280284375000002 0.10418609375000001 0.2046416359375 0.10810805000000001 0.2086869625 0.1213447046875 0.2075836828125 0.13262038125 0.21236453281249998 0.147327753125 0.2101579859375 0.16497662500000002 0.2097902296875 0.18360595468750002 0.21310004375 0.1929206515625 0.2086869625 0.20174508906250002 0.1943444359375 0.2081182859375 0.18735705 0.21645246093749998 0.190299109375 0.225767125 0.1947121921875 0.2267476140625 0.20169957656249998 0.23851351875 0.1998607984375 0.25861363125 0.2039061234375 0.2718502515625 0.20353835625 0.26319865 0.1985798390625 0.23017934375000002 0.1917701453125 0.22870862500000003 0.1840472484375
1 0.17625226875 0.21420331250000002 0.134581359375 0.211629009375 0.124776434375 0.211629009375 0.16497662500000002 0.21567433593750002 0.18262546562499998 0.21640985937499999 0.1914499015625 0.21640985937499999 0.21105975312499997 0.21052574062499999 0.22331591875 0.2039061234375 0.2282183640625 0.20169957656249998 0.2216783 0.1985798390625 0.1929206515625 0.21310004375 0.17625226875 0.21420331250000002
1 0.18703768437499999 0.21640985937499999 0.1865474546875 0.2178808828125 0.1904694125 0.22891359375000003 0.1973328703125 0.2436238640625 0.21105975312499997 0.2623794734375 0.22086467812500002 0.294374315625 0.21841343906250002 0.2664247984375 0.206647534375 0.2520822734375 0.1941778078125 0.21677869374999997 0.18703768437499999 0.21640985937499999
1 0.17658466718750002 0.11472268593749999 0.149964746875 0.10128908437499999 0.11923084218749999 0.075575896875 0.11584284687499999 0.07448668593749999 0.11390685781250001 0.077209715625 0.11390685781250001 0.0788435296875 0.127458809375 0.0862864734375 0.1475447609375 0.10262463749999999 0.1649687046875 0.11297214062500001 0.18795863906250002 0.1240457890625 0.2029625796875 0.1323964 0.2368424890625 0.1518568015625 0.27072238125000003 0.1667426828125 0.27398315625 0.1633953859375 0.22086467812500002 0.138445384375 0.17658466718750002 0.11472268593749999
1 0.058031703125 0.1907617671875 0.046230184375 0.18896118125 0.037229017187500005 0.19301249843749999 0.0278278140625 0.199764696875 0.041229534375 0.19496313437499999 0.0490305375 0.1951131828125 0.0560314390625 0.1948130859375 0.063032340625 0.19526323125 0.10263744687500001 0.2065168953125 0.10623791406250001 0.21146850781249998 0.1065078953125 0.2028147015625 0.085635259375 0.19811415937500002 0.058031703125 0.1907617671875
1 0.102037378125 0.211918653125 0.1010372453125 0.2171703671875 0.096436646875 0.2308248125 0.0650326046875 0.239377596875 0.035428784375 0.23832725312499997 0.06663280625 0.24102813437499998 0.09203607968750001 0.23472608125 0.1010372453125 0.2345760328125 0.1010372453125 0.229174275 0.1042376625 0.217920609375 0.1084381984375 0.21431943750000002 0.1230400828125 0.2138692921875 0.1254403859375 0.212968996875 0.12476871249999999 0.21139508437500001 0.10663796406249999 0.210718265625 0.102037378125 0.211918653125