0 0.26032975468749997 1 0.3564516 0.9105286515625 0.528669765625 0.75282885 0.6768575453125 0.6491975296875 0.7589615390625 0.5575814484375 0.8530808765625 0.4494444296875 0.92116701875 0.42241018906249994 0.9992659984375001 0.416402584375 0.9992659984375001 0.3698435890625 0.8130301328125 0.38936831562499996 0.750951359375 0.4434368234375 0.6748550390625 0.5020110296875 0.5466926296875 0.640186134375 0.296375484375 0.8354335078125 0.065583046875 1 0.26032975468749997 1
0 0.006424240624999999 0.8987271968749999 0.08351518125 0.854972865625 0.1606061203125 0.8148647515624999 0.24464224531249998 0.7872578406249999 0.2856184734375 0.7664224484375 0.3974351203125 0.7471497171875 0.4523016109375 0.7044371593750001 0.3724326078125 0.7226681265625 0.2210287890625 0.749754140625 0.1383817234375 0.7846534171874999 0.0557346578125 0.821115353125 0 0.8540613203125 0.006424240624999999 0.8987271968749999
0 0.002951675 0.8319702328125 0.15852261406249998 0.71271365 0.17866350312499998 0.683544109375 0.20574947031250002 0.6397897765625 0.22727941875000002 0.581971571875 0.153660990625 0.621558809375 0.14741041562499999 0.6423942015625 0.1286585296875 0.694990546875 0.08143167343749999 0.7350986796875 0.0001736125 0.789270696875 0.002951675 0.8319702328125
0 0.00694513125 0.6339168015625 0 0.642771846875 0.008334135937499999 0.6729831609375 0.061811646875 0.65058511875 0.1152891859375 0.6255826515625 0.1840459375 0.6099561078125 0.20557588437500002 0.5844327453125 0.125185965625 0.5893811546875 0.0604226421875 0.61933203125 0.00694513125 0.6339168015625
0 0.22571672187499997 0 0.1882130578125 0.025796815625000004 0.171544734375 0.0773644203125 0.176406303125 0.2002802125 0.16807216875 0.261744625 0.1639051 0.27997559375000003 0.15140384375 0.3127913328125 0.1500148390625 0.3359055890625 0.10487148906249999 0.43487371250000006 0.10487148906249999 0.4437287375 0.1368190796875 0.5555236421874999 0.1347355203125 0.577921684375 0.2189452296875 0.5327349328125 0.1909910671875 0.5104671093750001 0.1791843671875 0.46775455624999995 0.17085023125 0.4443538109375 0.17987886875 0.4084127515625 0.1951581890625 0.3854938234375 0.19793619843750002 0.36049135625 0.21668808281250002 0.3177397421875 0.237523475 0.301071425 0.23960698281249998 0.2776315984375 0.231272846875 0.260963290625 0.2208551515625 0.242732321875 0.22502221875 0.20314507499999998 0.22502221875 0.11019318125 0.22849478437499998 0.0716477078125 0.237523475 0.0492366328125 0.311836353125 0 0.22571672187499997 0
0 0.24574423125 0.573477228125 0.3228802484375 0.5194312546875001 0.3888518546875 0.482522040625 0.4050910421875 0.4779547734375 0.420822725 0.47338751874999996 0.4578683359375 0.44065544375 0.4604057046875 0.4185803328125 0.42995727187500005 0.42771486875000003 0.33455216249999997 0.46976224218749996 0.27974496718749997 0.5108676328125 0.23356485 0.5391275828125 0.24574423125 0.573477228125
1 0.213506940625 0.62219471875 0.25511980312500004 0.6199110921875 0.2952102484375 0.6240977453125 0.3256586828125 0.623717146875 0.34646510468749997 0.6210529046875 0.39518259218749996 0.591746284375 0.42157125781250004 0.579947521875 0.4317207359375 0.579947521875 0.4464374859375 0.5810893359375 0.469781278125 0.586417803125 0.49819980781249995 0.58870144375 0.5190062296875 0.58870144375 0.538290253125 0.594410525 0.5677237171875 0.61115715625 0.5804105640625 0.5970747671875001 0.5492135984375001 0.5780444953125 0.5111530953125001 0.5708129859375 0.504048453125 0.573477228125 0.49237653750000004 0.5738578265625 0.46598791093749997 0.56738753125 0.44264411875 0.5616784499999999 0.41067324843749997 0.5635814781249999 0.3913892234375 0.5708129859375 0.34470164062499997 0.594791125 0.32440268437499997 0.6001196078125 0.2853272109375 0.59935839375 0.23419919218750002 0.5990729359375 0.213506940625 0.62219471875
1 0.414466615625 0.5609172515624999 0.4236011609375 0.55444695625 0.4591243328125 0.5144833796875 0.47231864687499997 0.5110579328125 0.48399052343750004 0.5080130921875 0.5063193828125 0.5034458234375 0.527633309375 0.5095355125000001 0.5377827875000001 0.50991611875 0.5514845671875 0.5057294578125 0.5494546640625 0.49773674218749997 0.5393051859375 0.5030652171875001 0.5245884359375 0.4996397703125 0.498707275 0.49355008125 0.48043822187499996 0.4996397703125 0.458616828125 0.5049682437499999 0.44846735000000004 0.5148639859374999 0.41649651875 0.547215446875 0.394675125 0.5648184484375001 0.414466615625 0.5609172515624999
0 0.3109419328125 0.5940394296875 0.3271811203125 0.5750091578125 0.3581370203125 0.5624491828125 0.3693014296875 0.544180125 0.377928509375 0.52324681875 0.3687939640625 0.496604440625 0.34697257187499997 0.507251878125 0.35559965 0.540364553125 0.33682309374999997 0.5525439296875 0.309927 0.567768146875 0.2849338953125 0.5962183953125 0.3109419328125 0.5940394296875
1 0.4166360625 0.473282846875 0.43642755156249996 0.478991928125 0.4709357734375 0.4854622234375 0.48615999062500004 0.48926827812499996 0.4922496609375 0.48622343749999997 0.5155934921875 0.48279798281249997 0.52574296875 0.47442466093749996 0.550609159375 0.46643195156250006 0.5830874968749999 0.45958105781249997 0.6130284640625 0.45958105781249997 0.6378946937500001 0.4652901390625 0.670880496875 0.47290224687500004 0.681537440625 0.47214103281249997 0.6759552359375001 0.46452892500000004 0.6216555046875001 0.45273014843750004 0.5901921390625 0.44740168125 0.5455344203125 0.454633175 0.5150859859375 0.46643195156250006 0.48210018281250006 0.473282846875 0.4597713625 0.46643195156250006 0.43592006562499996 0.463006496875 0.4166360625 0.473282846875
1 0.5135635875 0.4833117984375 0.5323401062500001 0.493207540625 0.5541615 0.5000584359375 0.597804246875 0.521752946875 0.638402159375 0.5305068687500001 0.649059103125 0.5278426281249999 0.63079005 0.5198499203125 0.5927295078125 0.5099541859375 0.5541615 0.4911713046875 0.5272653671875001 0.4763276875 0.5135635875 0.4833117984375
1 0.46253707187500004 0.43581224843750005 0.47623887187499997 0.4243940859375 0.5417029921875 0.3784930609375 0.5543898406250001 0.3777318609375 0.5508375375 0.36745551249999997 0.559972084375 0.3423355453125 0.5716439609374999 0.327111328125 0.608473878125 0.303723134375 0.6176084046875 0.3029619203125 0.6536390625 0.3082904015625 0.7104761234375 0.309432215625 0.737879721875 0.309432215625 0.768835621875 0.30220070625 0.8074036687499999 0.298014053125 0.8510464171875001 0.29040194375 0.868808003125 0.28926013125 0.8870770562500001 0.2778419671875 0.9210777921875 0.264901378125 0.9606607703125001 0.2496771609375 0.9763924546875 0.24510989218749998 0.9662429765624999 0.2394008109375 0.9053461078125 0.2599535109375 0.876927578125 0.271752271875 0.8403767859375 0.28107710468749997 0.77947991875 0.2917340578125 0.7251801875 0.2982043515625 0.6992990265625 0.299346165625 0.6247003796875 0.2951595078125 0.60693879375 0.2890698203125 0.5947594125 0.3008685859375 0.5582212671875 0.31875704374999997 0.53639989375 0.359862434375 0.5292952718749999 0.37470603593749996 0.511533684375 0.384221171875 0.480577765625 0.40743811093750004 0.4587563921875 0.4187611171875 0.46253707187500004 0.43581224843750005
1 0.22577513749999997 0.502323040625 0.242521771875 0.491285478125 0.293776628125 0.45360554999999997 0.363808040625 0.40810416875 0.3993312140625 0.3841260296875 0.43536185312500003 0.366618171875 0.4820494359375 0.3506327546875 0.501840925 0.3479685140625 0.5399014671875 0.337692165625 0.5043782953125 0.34149821875 0.48407933906249995 0.338833978125 0.40694332187500004 0.3689018125 0.374008265625 0.3898351078125 0.3090515921875 0.43094049375 0.283677896875 0.44920955156250003 0.24815472500000002 0.4735683046875 0.2183406328125 0.49488220156249996 0.22577513749999997 0.502323040625
1 0.296796109375 0.40492611093750003 0.3069455875 0.41368004062499997 0.3490659171875 0.3860671171875 0.4358312578125 0.33202114374999997 0.5236242578125 0.28710969999999997 0.590610796875 0.2608479265625 0.654045034375 0.2288770734375 0.5480210421875 0.2688406421875 0.53330433125 0.27569153750000003 0.46022808125000003 0.3084236046875 0.3785247921875 0.35198389531249996 0.355688465625 0.36758872187499997 0.2969483390625 0.4040316875 0.296796109375 0.40492611093750003
1 0.24153220156250002 0.30128725312500004 0.3303401140625 0.2982424125 0.361296053125 0.2982424125 0.4054462671875 0.2906303046875 0.44096943906249997 0.2833987953125 0.4693879703125 0.28834667812500003 0.501358840625 0.28644365 0.5071820921875 0.2763576015625 0.5335707390625 0.2691260921875 0.5987938140625 0.2702679203125 0.657660796875 0.26988730625 0.702318496875 0.28130546875 0.721095015625 0.2805442546875 0.7738723078125 0.253521275 0.8393364484375001 0.2287819234375 0.8738446890624999 0.2158413328125 0.9459059671875 0.1838704859375 0.9986832609375 0.1644596078125 1 0.1526608390625 0.9453985015624999 0.17587777031250001 0.8404148156250001 0.217706303125 0.8267130359375001 0.2199899375 0.7245458453125 0.270610459375 0.7062767937500001 0.270610459375 0.686485303125 0.265662584375 0.6606041421875 0.2607147171875 0.634215515625 0.2607147171875 0.5882891125 0.2622371375 0.5476911999999999 0.2584310828125 0.5284071765625 0.2584310828125 0.5147053968749999 0.25881168906249996 0.4974512765625 0.2721328796875 0.4725850484375 0.27593893281250004 0.4578683359375 0.2732746921875 0.43300210625 0.27479712031250003 0.41676291875000004 0.2797449875 0.366523034375 0.28431225625 0.362463228125 0.28012559531250003 0.3391194359375 0.27631954062499997 0.3051186609375 0.27631954062499997 0.23610221875 0.2784128671875 0.24153220156250002 0.30128725312500004
1 0.35650039375000003 0.27603408281249997 0.36462000625 0.27298924375 0.3732470484375 0.268041375 0.37121714375 0.24977231875 0.40471041406249997 0.2075251078125 0.4148598921875 0.20524147343750002 0.42174886093749997 0.20295784687500001 0.45118234375000005 0.19953239218750002 0.5344080703125 0.1856307796875 0.549124821875 0.1856307796875 0.559781765625 0.1841083671875 0.5866778984375001 0.1528987203125 0.619156196875 0.127778753125 0.72369585 0.034872978124999995 0.7516069140625 0.0013797031249999999 0.7450097375 0.002140903125 0.6386559109375 0.09769190312500001 0.5483255421875 0.1765057671875 0.52650415 0.1780281875 0.4965632203125 0.180692428125 0.4640848828125 0.186782115625 0.4371887515625 0.1932524046875 0.4204421359375 0.19363301093750002 0.4082627546875 0.19096877031249998 0.39709830468749996 0.204289959375 0.37933671874999997 0.22103659687500002 0.3676648421875 0.24006686875 0.3427986140625 0.255291084375 0.3204697546875 0.27317954218749996 0.35650039375000003 0.27603408281249997
1 0.368172309375 0.2770046265625 0.39709830468749996 0.282713709375 0.44733822968750003 0.252265275 0.46459235000000004 0.244653165625 0.547310609375 0.22904835 0.5721768 0.22257805468749997 0.575729140625 0.21115989218750003 0.5168621765625 0.22257805468749997 0.4376962171875 0.2391153546875 0.4102926578125 0.253958971875 0.37882925312500004 0.2665189484375 0.368172309375 0.2770046265625
1 0.45647277500000005 0.22441447656250002 0.4722044578125 0.17346091875 0.47118952500000005 0.135780990625 0.4640848828125 0.0897277328125 0.44733822968750003 0.062324140625 0.4498755984375 0.074884115625 0.458502678125 0.107235584375 0.4635774171875 0.1658678484375 0.4508905703125 0.203928390625 0.43972612031249997 0.2365653015625 0.45647277500000005 0.22441447656250002
1 0.29154373906250003 0.17341335 0.24791369687499998 0.12053774375 0.26770514843750004 0.1631655546875 0.29967601875 0.1978006421875 0.317945071875 0.2406187515625 0.3351991921875 0.2577459953125 0.3433060796875 0.25267442500000004 0.32554449375 0.234690825 0.29154373906250003 0.17341335
0 0.23268948125 0.2261557484375 0.2839443359375 0.22196907968750001 0.32403478125 0.2208272671875 0.34940847656249996 0.2170212125 0.3580355171875 0.2124539515625 0.3473785734375 0.213976371875 0.2773471609375 0.208267290625 0.2646603125 0.20978971093749998 0.22850279687500002 0.2098848609375 0.23268948125 0.2261557484375
0 0.6929818671875 0.6335710531250001 0.7195794546875 0.6344383515625001 0.801684925 0.6266325687500001 0.8271260265624999 0.6283671656250001 0.8398465765625 0.631836425 0.8560364093749999 0.63617298125 0.9069187 0.6439787984375 0.9392983640624999 0.65178458125 0.999431925 0.6431114671875 0.999431925 0.606684378125 0.928890609375 0.613622896875 0.8965109453125001 0.60494978125 0.8236568328124999 0.5936747062500001 0.779713015625 0.5893381484375 0.7346128015625 0.5943251953125 0.6929818671875 0.6335710531250001