0 0.3836434828125 0.957762440625 0.5367448046875001 0.6192927640625 0.6061745140625 0.5405167578125 0.66670298125 0.4564000390625 0.691626484375 0.41767961875 0.675604221875 0.386970346875 0.6595819609375 0.3669425546875 0.6310980171875 0.3749536515625 0.5723497703125 0.45830266093749994 0.511821303125 0.5237267921875 0.470875675 0.5477601328125 0.4192484484375 0.6225305640625 0.3854237046875 0.6719324640625 0.35871998125000004 0.7266751015625 0.2430038453125 0.8815566796875001 0.3836434828125 0.957762440625
0 0.29418598125 0.676271803125 0.297746559375 0.616188425 0.29240576093750004 0.5561050468750001 0.2657020375 0.48667538125 0.2192726640625 0.464053196875 0.19307825625 0.44694231875 0.1558990640625 0.42602902968749995 0.1491391875 0.40448200781250004 0.1330845296875 0.37908503125 0.10520018281250001 0.36831153906249997 0.08323068125000001 0.3607067015625 0.065486021875 0.3607067015625 0.0392916125 0.3828874625 0.02746189375 0.39429470625 0.0367567078125 0.4057019484375 0.0756258359375 0.4272489828125 0.1466042828125 0.48935510625 0.2142027890625 0.5390875296875 0.20659794531250003 0.612600921875 0.1854734109375 0.6896632046875 0.1373094359375 0.814509203125 0.0942154 0.8792294984375 0.22831685156249998 0.8925719750000001 0.2265366296875 0.845840459375 0.29418598125 0.676271803125
0 0.11005879999999998 0.6548077250000001 0.0914692375 0.6548077250000001 0.07203464062500001 0.6548077250000001 0.055135012500000004 0.655441475 0.0340104796875 0.6516390453125 0.021335759375 0.6351619187499999 0.0078160703125 0.6345281921875 0.0078160703125 0.65100531875 0.032320510937500005 0.671284875 0.0602049203125 0.6788897125 0.080484453125 0.671284875 0.1092138328125 0.673186078125 0.1430130859375 0.687128275 0.19371196562499998 0.6776222359374999 0.20617542812499998 0.61567453125 0.15061793125 0.638964325 0.11005879999999998 0.6548077250000001
1 0.310805421875 0.56587805625 0.3799436578125 0.5342116859375 0.4643873140625 0.5080869359375 0.535108884375 0.48592046718750004 0.5599142328125 0.47127477500000003 0.5005925640625 0.48948293906250007 0.37709370781249996 0.52589926875 0.29766387656250004 0.5596437375 0.310805421875 0.56587805625
1 0.6870589453125 0.40463188906249997 0.71805410625 0.38768142031249997 0.7735870578124999 0.38768142031249997 0.8213712421875 0.3823541203125 0.9072535828125 0.3871971109375 0.9944274171874999 0.3968830921875 1 0.3683094578125 0.9072535828125 0.3634664671875 0.788438915625 0.35717058281249997 0.736134575 0.35281188281250003 0.667041259375 0.3687937484375 0.6870589453125 0.40463188906249997
1 0.629588803125 0.14145165937499998 0.59536498125 0.0760712796875 0.5212349609375 0 0.5057373796875 0.0005569484375 0.568373375 0.0702960234375 0.6038886406249999 0.12066311562500001 0.6465069984375 0.24050292343750002 0.67427345 0.3450873203125 0.67427345 0.3557418859375 0.71934555 0.3530540296875 0.683830284375 0.3208481421875 0.629588803125 0.14145165937499998
0 0.4979885890625 0.30246899531250004 0.4889483296875 0.29956320000000003 0.4676391765625 0.32958974531249996 0.5335038796875 0.360100584375 0.578705128125 0.3896428203125 0.59743131875 0.393517228125 0.6153503953125 0.361553478125 0.5541672875 0.333464134375 0.4979885890625 0.30246899531250004
1 0.7354433203124999 0.08928813125 0.7395018609374999 0.0202927578125 0.7530303640625 0.0111610171875 0.7530303640625 0.0020292765625 0.726649771875 0.0010146390624999999 0.7131212671875 0.036019646875 0.7077098453125 0.134439521875 0.6941813406249999 0.1963324125 0.6806528375 0.229815471875 0.6427730359375 0.3352617015625 0.6339795390625 0.3596130046875 0.6671243328124999 0.35453981562500003 0.702298475 0.25967117812499996 0.7205619343749999 0.197981203125 0.730031896875 0.1653859671875 0.7354433203124999 0.08928813125
1 0.6887699703125 0 0.6935049265625 0.026279128125000002 0.6664479171875 0.069401234375 0.6441259171875 0.0846208015625 0.63533236875 0.0962891328125 0.6468315765625 0.1003476796875 0.6495372875000001 0.1089721046875 0.6542722953125 0.16547475625000002 0.665771503125 0.22077250468749998 0.6705064593750001 0.24766040312499998 0.6884317375 0.21383491875 0.6847114296875 0.1885958015625 0.6786235921875 0.15460544062499998 0.673888584375 0.1272102171875 0.67930000625 0.09677108749999999 0.681329303125 0.08358079375000001 0.6847114296875 0.0724197734375 0.6928285109375001 0.05669288593750001 0.71041555625 0.0364001296875 0.7192091046875 0.024224478125 0.7178562234375 0.013063462500000001 0.7117684375 0.0084975953125 0.7077098453125 0 0.6887699703125 0
1 0.1518685390625 0.4124560609375 0.14165385625 0.36153278125 0.14886421562500002 0.3029484734375 0.16689015625 0.256081028125 0.1512676828125 0.2150720078125 0.146460746875 0.199749959375 0.13985124531249998 0.2132694140625 0.148263359375 0.2254369234375 0.146460746875 0.24616675781250003 0.1410530015625 0.26058751406249997 0.1266322390625 0.31691857031250004 0.12242615937500001 0.34756268437500004 0.1270828703125 0.374714246875 0.1518685390625 0.4124560609375
1 0.0833699765625 0.28672512499999997 0.061738834374999996 0.25788362187499997 0.049721540625 0.25112389375 0.0274895421875 0.24346286562500002 0.003454953125 0.243913515625 0.020279182812499998 0.27275501874999997 0.050923273437500007 0.2993432796875 0.0767604515625 0.35116786875 0.0755587171875 0.3628847234375 0.09553747343749999 0.354998375 0.090580334375 0.3097082015625 0.0833699765625 0.28672512499999997
1 0.0154722703125 0.379671390625 0.01847659375 0.4004012171875 0.0136696578125 0.41076612968750004 0.0034549765625 0.399950575 0.0040558328125 0.41301937187500004 0.012467946875 0.42158170000000006 0.0202791609375 0.42473624374999996 0.0304938875 0.41977909999999996 0.037103390624999996 0.40851288593749996 0.034699921875 0.4040064015625 0.0316955984375 0.392289546875 0.0443137484375 0.382375275 0.0238843859375 0.36795451875 0.0154722703125 0.379671390625
1 0.2273713453125 0.467310171875 0.23332435 0.429570665625 0.2690423359375 0.36805636875 0.29749591249999996 0.300834784375 0.2783025625 0.337336434375 0.2280328296875 0.4142293078125 0.2154653828125 0.45788460625000005 0.2273713453125 0.467310171875