0 0.5050307265625 0.8060808343750001 0.53307078125 0.726326228125 0.57980423125 0.6650499765625 0.6417259625 0.559879053125 0.660419359375 0.5063505671875 0.7118261375 0.40468536093749996 0.7959463015625 0.2618269171875 0.84735308125 0.2145 0.9969000890625 0.0812834953125 0.9898900171875 0.0067874484375 0.963018334375 0.0032817468750000003 0.94081998125 0.0523615078125 0.8975915671875001 0.107576234375 0.8461847875 0.149644590625 0.807567478125 0.1786491140625 0.7865374171874999 0.1777726921875 0.7596656562499999 0.2154589421875 0.7152689484375 0.29507480468749997 0.6253070843749999 0.40725711562500005 0.61712871875 0.40638069374999997 0.6007719875 0.41514493906250005 0.594930365625 0.43968483437500006 0.603108653125 0.46422470000000005 0.5914253296875 0.5115516171875 0.5552069093750001 0.59219205625 0.524830190625 0.6141026562499999 0.47342341093750007 0.6693173828125001 0.4255216671875 0.771859040625 0.5050307265625 0.8060808343750001
0 0.2561751953125 0.620278896875 0.15452992968749998 0.593986159375 0.10078648593749999 0.5703227015625 0.0027493359375 0.514346240625 0.0039177078125 0.5792016484375 0.1651480390625 0.6747319046875 0.2878232875 0.732551853125 0.3205366703125 0.7535860328124999 0.3532501328125 0.8009129500000001 0.399880503125 0.7061684703125 0.32393862812499996 0.6535830234375 0.2561751953125 0.620278896875
0 0.5506988859375 0.593174721875 0.5355104468749999 0.5283193421875 0.4946187765625 0.4757338671875 0.442043625 0.42940622812499996 0.3462400609375 0.3750679078125 0.28665499375 0.351404434375 0.2072081609375 0.3163474796875 0.1265929546875 0.2593798953125 0.10673126562499999 0.2243229109375 0.1043946015625 0.1876359109375 0.121919625 0.113139834375 0.170989740625 0 0.1254245828125 0.0027103812500000003 0.1043946015625 0.0437710625 0.0728495109375 0.141054175 0.05999781562499999 0.1962688875 0.0728495109375 0.2443494140625 0.0576611515625 0.256619346875 0.08570120625 0.284664928125 0.162811375 0.332868265625 0.2691298921875 0.379318746875 0.32754674375000004 0.40561148437499994 0.38713180937499997 0.4345334875 0.4221819375 0.4652424375 0.48176708125 0.5283449890624999 0.5168582328125 0.6199569234375 0.5506988859375 0.593174721875
1 0.049968475 0.5408868234375 0.048450621875 0.5050203796875 0.058316690625 0.45613435 0.06590600625000001 0.41229759374999997 0.078048828125 0.3872480171875 0.0848791921875 0.3559360484375 0.09550421249999999 0.3320250953125 0.10764708593750001 0.3012824328125 0.09246850625 0.28989626875 0.064388153125 0.349104346875 0.053004181250000004 0.396926271875 0.043897064062500005 0.410020365625 0.0347898953125 0.43905508906249996 0.0249238265625 0.5238664421875 0.049968475 0.5408868234375
0 1 0.40657088437500005 0.9469952390625 0.4269043828125 0.88528584375 0.44377686250000004 0.851259165625 0.45589044375 0.8229997062500001 0.46488629374999996 0.7751316703125 0.48046088749999993 0.73879806875 0.505553296875 0.696120546875 0.5323762125 0.6572453875 0.551461578125 0.6332576890625 0.60517184375 0.6574800765625 0.5930582609374999 0.7065015765625 0.56710060625 0.780322184375 0.5125646734375 0.8137721203125 0.4943943078125 0.8558729406250001 0.48228072656250004 0.92277285 0.4645430015625 1 0.436854825 1 0.40657088437500005
1 0.67263065 0.3189350984375 0.66678645 0.2721722609375 0.678085225 0.21167283593750003 0.6800333015625 0.194414853125 0.658604546875 0.15758911250000002 0.677306 0.1970452640625 0.6644487484375 0.2639745859375 0.6605526234375 0.2718658015625 0.6640591484375 0.27917250312499997 0.6679552734375 0.31625247500000003 0.6679552734375 0.3267741125 0.67302025 0.34927873125 0.67885079375 0.3436213015625 0.6776956265625 0.3206887109375 0.67263065 0.3189350984375
1 0.8282640703125 0 0.8126905624999999 0.00083925 0.8367586859375 0.073588928125 0.865782075 0.13412515 0.87991101875 0.11744843593750001 0.8537479640625 0.0634995515625 0.8282640703125 0
1 0.672559434375 0.0757650890625 0.670015559375 0.07085808906249999 0.6605669 0.0013702249999999999 0.6562059671875 0 0.6605669 0.04526063125 0.6645644109375 0.0787918109375 0.6743764921875 0.1003180859375 0.684188546875 0.1174925953125 0.6943640484375 0.119382890625 0.684188546875 0.09648354375 0.672559434375 0.0757650890625
0 0.323605571875 0.3446415734375 0.339568153125 0.317541871875 0.3622517984375 0.24920072499999998 0.3706531546875 0.243528690625 0.3710732359375 0.21485342968749999 0.35133004218749997 0.2117023 0.353850440625 0.23597520625 0.3429286859375 0.27063761249999996 0.3328470625 0.29647685625000003 0.3252858515625 0.3153836296875 0.317724628125 0.3450042265625 0.323605571875 0.3446415734375
1 0.31562428124999997 0.28729105312500003 0.3076430046875 0.269014503125 0.3038623921875 0.21576044843750003 0.2971413015625 0.1294340359375 0.293360703125 0.0841138671875 0.279918534375 0 0.2706770453125 0.0005936875 0.27571785625 0.0330503015625 0.2862195453125 0.09638796875 0.2874797453125 0.1281704359375 0.2937807703125 0.1732315640625 0.29630116875 0.21545667656249998 0.3021821265625 0.2775105265625 0.29966171406250003 0.28948480781249997 0.301762046875 0.293896384375 0.2984015140625 0.33864577812499996 0.2929406375 0.34620849374999996 0.3093232703125 0.340860221875 0.30806307187500004 0.3228987953125 0.31562428124999997 0.28729105312500003
1 0.27132493750000003 0.24912769531249998 0.244501340625 0.22725632812500002 0.2235171078125 0.21149065781249998 0.20089199062500002 0.1957432703125 0.1764165375 0.1766860328125 0.155657396875 0.1574392296875 0.116471625 0.125594521875 0.0882530703125 0.1002548703125 0.0488071453125 0.0616041984375 0.0280480046875 0.040607684375 0.0002854671875 0.010002303125 0.0296748078125 0.046046314062499996 0.0604636359375 0.0761168609375 0.0900862171875 0.10411220937500001 0.11364433437499999 0.1284268109375 0.1656588 0.1704035546875 0.220450365625 0.21535973125000002 0.260615053125 0.2432033953125 0.2876718828125 0.2701489203125 0.3012003125 0.2911373875 0.3021137671875 0.2834219953125 0.293017071875 0.2706491203125 0.27132493750000003 0.24912769531249998
0 0.24891839999999998 0.2886472 0.23982170468750003 0.2912717609375 0.22745952187500001 0.29809562500000003 0.22069530781250002 0.29809562500000003 0.2155638359375 0.2966958625 0.2108988609375 0.3015950453125 0.2155638359375 0.305794346875 0.22372753906249998 0.3029948140625 0.23329072968750003 0.30002030468749996 0.244253425 0.2954710625 0.26687855 0.292321584375 0.2862381875 0.29144673125 0.2920694109375 0.291096790625 0.2906699078125 0.284972809375 0.26501256562500003 0.28532275 0.24891839999999998 0.2886472
1 0.20903287656249997 0.2826981875 0.1964374390625 0.2739496375 0.182209271875 0.269225425 0.147921715625 0.265900975 0.143256740625 0.266775828125 0.15142044375 0.2704502171875 0.1665816171875 0.2704502171875 0.18617449531250002 0.274999465625 0.1992364296875 0.2800736203125 0.2094993734375 0.2888221703125 0.2129981 0.2989704828125 0.2175830359375 0.2971112234375 0.2129981 0.287772340625 0.20903287656249997 0.2826981875
0 0.38219495625 0.25102536249999996 0.3941147265625 0.23761298125 0.3988826203125 0.20274080312499998 0.3929227546875 0.152241575 0.401862571875 0.0963566765625 0.40126660625 0.07176731875 0.4054384921875 0.0212637765625 0.3941147265625 0.0288641234375 0.3929227546875 0.099055559375 0.3792150421875 0.1379514546875 0.375043096875 0.1638278578125 0.383386928125 0.201382503125 0.3786190359375 0.2384900875 0.366103278125 0.24877290937500002 0.38219495625 0.305944675 0.4119943640625 0.30505051875 0.40782247812500005 0.29573328593750003 0.394710734375 0.28410923125 0.38219495625 0.25102536249999996
1 0.4702093203125 0.347319565625 0.47143317500000004 0.327121934375 0.48122404999999996 0.29407126875 0.5112085609375 0.2543645625 0.5228352171874999 0.247249490625 0.5307902890625 0.24518382343749998 0.542110971875 0.24472478749999999 0.553737628125 0.23692115625 0.5424169453125 0.2387573046875 0.521917315625 0.23783923125 0.50508926875 0.246331415625 0.49285068593750003 0.2628567484375 0.47571668437500003 0.28305437499999997 0.46990336718750003 0.29430078593750003 0.46439600312499996 0.3119737125 0.4582767109375 0.33607315312499997 0.4702093203125 0.347319565625