1 0 0.7099495578125 0.1268289703125 0.6490716703125 0.15804837968750002 0.6451692265625 0.2061783578125 0.6451692265625 0.414308 0.6227302609375001 0.6198359140624999 0.6002912968749999 0.7941444671875 0.5729742578125 0.8617865453125001 0.5729742578125 0.9892659609375001 0.48419399375000005 0.8747946453125 0.5378524046875001 0.8240631359374999 0.5515109234375 0.6347952484375 0.578047428125 0.4357712859375 0.5995108 0.22243853281249998 0.6248765796875 0.18861739375 0.622925375 0.139186625 0.616096115625 0.11317042656250001 0.6287790234374999 0.005203209375 0.6746325640624999 0 0.7099495578125
1 0.20322899218749998 0.6235789515625 0.289593521875 0.564805353125 0.3204645046875 0.551892965625 0.4053300109375 0.5287397359375 0.4819137953125 0.5202799015624999 0.5335633015625 0.5202799015624999 0.58996220625 0.5216156609375 0.6653586640625 0.5296302484375001 0.72175756875 0.5300754953125 0.813183171875 0.5300754953125 0.8393047328125001 0.5216156609375 0.817932525 0.5095937953125 0.706025234375 0.5087032828125 0.6372185781249999 0.506031753125 0.5885373921875 0.5015792078125 0.50002083125 0.49935293593749996 0.3937534109375 0.5091485390625 0.289267028125 0.537644825 0.2488972671875 0.5585717828125001 0.224556696875 0.575046203125 0.186413209375 0.6151191093749999 0.20322899218749998 0.6235789515625
1 0.18040228593750002 0.615163634375 0.24214423125 0.55475373125 0.31896548125 0.499597821875 0.41514046093749996 0.4528460984375 0.52200154375 0.3927256078125 0.6508284984375 0.323711159375 0.7754997609375 0.2600397671875 0.6911982578125 0.2952148796875 0.5155008375000001 0.3913898484375 0.45079050625 0.43101750625 0.3575839125 0.469075628125 0.25191015625 0.5287397359375 0.21628979531249998 0.5625790796875 0.1670149671875 0.6155643734375 0.18040228593750002 0.615163634375
1 0.13477379218750002 0.6152864984375 0.147252846875 0.564211503125 0.1818376453125 0.504606190625 0.20679575468750003 0.4364103828125 0.20822193906250003 0.411273996875 0.21998791562500003 0.3821465515625 0.21357010468749998 0.27705507812499997 0.2160659328125 0.36422350468750003 0.20643921562499998 0.383476903125 0.20216069375 0.4201118453125 0.190573 0.45113789375 0.1748850390625 0.493923228125 0.14208296250000002 0.5532009671875 0.1249688203125 0.5836855140625 0.12354263593749999 0.6217912 0.13477379218750002 0.6152864984375
1 0.42522264375 0.644095284375 0.468805053125 0.676649546875 0.543012878125 0.722146021875 0.57422725625 0.740256259375 0.7014407203124999 0.8203830578125 0.7338330281250001 0.8420270078125001 0.7562131421875 0.86499609375 0.764458465625 0.86499609375 0.7827159390625 0.8658795234375001 0.787427565625 0.883989778125 0.797439715625 0.9180016875 0.82688726875 0.9577558843749999 0.8380773921875001 0.9586393140625 0.7992065875 0.884873190625 0.78389386875 0.8526281250000001 0.7568020843750001 0.8380405468750001 0.7249987625000001 0.8203720140625 0.641956628125 0.7669247125 0.583061521875 0.7302625046875 0.534767553125 0.7064099796875001 0.49412992187500004 0.67504834375 0.44406908281249996 0.6410364171875 0.42522264375 0.644095284375
1 0.789930603125 0.9457081609375001 0.802298565625 0.9912046265625 0.8205560406249999 1 0.807599134375 0.9761863843749999 0.7993538109375 0.9434995953125 0.7911084875000001 0.9103710984375001 0.787574790625 0.8900522843750001 0.77167310625 0.8675249046875001 0.76342780625 0.8635494874999999 0.762838840625 0.8675249046875001 0.77579576875 0.8922608515625001 0.789930603125 0.9457081609375001
1 0.832924025 0.9518921546874999 0.84116935 0.965143553125 0.8717947859375 0.9960634828125 0.882984865625 0.9991554624999999 0.8900522609375001 0.99827205 0.8401386671875001 0.9481375812499999 0.832924025 0.9518921546874999
1 0.8488256859375 0.99341319375 0.8276234578125001 0.9563092875000001 0.8195253796875 0.9602846968750001 0.8423472343749999 1 0.8488256859375 0.99341319375
1 0.7945166421875001 0.85086439375 0.8014020875 0.855705728125 0.8095785687499999 0.8569967421875001 0.855194684375 0.8347266156250001 0.8719779640624999 0.8263349625 0.9089872953125001 0.8221391421875 0.9240492234375 0.8231074062499999 0.942123521875 0.8298852812499999 0.981714859375 0.8531236734375 1 0.8631291031250001 0.979132821875 0.8431182546875 0.9300739671875 0.8147157609375 0.8857488874999999 0.8163295390625 0.8594981078125 0.82278465 0.835399015625 0.8379541703125 0.8082875328125001 0.8498961171875001 0.7945166421875001 0.85086439375
1 0.7760119765625 0.8379541703125 0.784618790625 0.835049365625 0.8211977562499999 0.820848121875 0.828943903125 0.82278465 0.8543339984375 0.7998690093749999 0.87757240625 0.7940594046875 0.91199966875 0.7976097171875 0.9606281875 0.8108426968750001 1 0.8334355875 0.972677709375 0.8127792328125001 0.9175941109375 0.7937366484374999 0.8620801453125001 0.7934138984375 0.8487395718749999 0.8001917593749999 0.8130212921875 0.81955709375 0.769341696875 0.836421075 0.7760119765625 0.8379541703125
1 1 0.7023857312499999 0.96313559375 0.695437484375 0.9316096640625 0.6909415671875 0.879838434375 0.69135028125 0.82152765625 0.689715409375 0.808721096875 0.6823584328125001 0.7607646140625001 0.6745927578125 0.728611946875 0.6615137078125 0.6948243828125 0.6463910546875 0.6528624546875 0.6235027203125 0.6023173765625 0.60449723125 0.5895516984375 0.6067451968750001 0.5906416015625 0.6145108796875001 0.628529971875 0.6267724875 0.6535981390625001 0.6378079359375 0.68466088125 0.6557916171875 0.7151786703125 0.668053225 0.7402468578125 0.6799061171874999 0.7527809203125 0.68031483125 0.7691297296874999 0.6844020343749999 0.7811188812500001 0.6844020343749999 0.7887482921875 0.6844020343749999 0.80291729375 0.686854365625 0.8181761578125 0.6950287703125 0.831800165625 0.6962549265625 0.8688574843750001 0.6970723703124999 0.9593208875 0.699115971875 1 0.7064729328125 1 0.7023857312499999
1 0.7460779078125 0.6866500078125 0.751772759375 0.70504241875 0.770846371875 0.704224975 0.7915548375 0.7140342515625 0.85259041875 0.7665445890625 0.883653140625 0.8037381281249999 0.90872130625 0.8442014375 0.9267050125 0.8503322421874999 0.8989120453125 0.8070181046875 0.8515004734374999 0.7575629625 0.8062687921875 0.714238615625 0.7822905296875 0.7023857312499999 0.766486671875 0.6970723624999999 0.755587465625 0.6836867765625 0.7460779078125 0.6866500078125
1 0.782109528125 0.712010278125 0.7725788875 0.709967996875 0.7998093359375 0.7449229546875 0.813424559375 0.755389659375 0.8355492984374999 0.7842369140625001 0.8290820625 0.7982776140625 0.8280609109375 0.8225297312500001 0.8335069953125 0.8023621859375 0.8413357593749999 0.7842369140625001 0.8093399765625 0.746965240625 0.782109528125 0.7123102390625 0.782109528125 0.712010278125
1 0.8853469734375 0.564699396875 0.92042029375 0.56126830625 0.9366861625 0.5536436734375 0.9997164703125 0.524670065625 0.9519354281249999 0.5372507140625 0.9183870515624999 0.5536436734375 0.89157375 0.5538342859375 0.8853469734375 0.564699396875
1 0.8736558546875001 0.5681304734375 0.9183870515624999 0.5738489484375 0.93871940625 0.5746114140625 0.979384115625 0.57003663125 0.9966666249999999 0.567749246875 1 0.5570747640625 0.9890419921875001 0.5551686046875 0.9488855828125 0.5631744640624999 0.9049168578125 0.5628885375 0.8736558546875001 0.5681304734375
1 0.8736558546875001 0.5719427890625 0.8563733640625 0.5753738796875 0.85535674375 0.5810923546875 0.879755584375 0.5982477796875 0.89246330625 0.608159796875 0.9255033828125001 0.6207404375000001 0.94126095 0.619596746875 0.9631182468749999 0.6207404375000001 0.9926001390625 0.6375146375 1 0.63332109375 0.9920918375 0.6234090625 0.9544769734375 0.6142595125 0.9300781703125001 0.6123533531249999 0.907204271875 0.5971040875 0.88788851875 0.5860483640624999 0.8737829390625 0.5719427890625 0.8736558546875001 0.5719427890625
1 0.49046717500000003 0.4223467421875 0.5183735171875 0.4302447640625 0.5431206578125 0.420767146875 0.62894585 0.4026016859375 0.7068729796875 0.385620940625 0.7663714296874999 0.37772291875 0.7795348 0.367850390625 0.6963422828125 0.37337900468749996 0.6094640375 0.3950985734375 0.5267980859375 0.4116844234375 0.49362639531249997 0.415238525 0.49046717500000003 0.4223467421875
1 0.5289042125 0.43221927656250003 0.5899822640625 0.4831615203125 0.6626440859375 0.5447660875 0.6642236671874999 0.55700803125 0.6742278359375 0.5672754546875 0.6789666578125 0.5530590203125 0.6952892296875001 0.5550335265624999 0.642635746875 0.5190975156250001 0.5957741390625 0.4736838875 0.53996145625 0.431824375 0.5289042125 0.43221927656250003