0 0.5020819984375 0.665891421875 0.5178778921875 0.6458388328125 0.5932122046875 0.5601596078125 0.60536294375 0.5519562703124999 0.61994373125 0.5419299750000001 0.6430301 0.5373725828125 0.61143823125 0.5100281343749999 0.6296643375000001 0.425260371875 0.65032049375 0.39700446093749997 0.6491053875 0.3605452125 0.6102232062499999 0.38242075937500003 0.5956423359375 0.425260371875 0.5737710734375 0.5237003437500001 0.5591902859375 0.54010701875 0.5275984984375001 0.573831815625 0.4812674390625 0.63060205 0.5020819984375 0.665891421875
1 0.636231971875 0.367225084375 0.6674211640625 0.3194962171875 0.6649260359375 0.2797873921875 0.6786492859375 0.161413746875 0.6780254828125 0.11742832343750001 0.6667973609375 0.0818656328125 0.6655497968749999 0.0556615484375 0.677401721875 0.02431023125 0.6880060390625 0.0013816546875 0.6649260359375 0 0.65619304375 0.021034715625 0.644964921875 0.082801490625 0.654321675 0.11735390000000001 0.6580644109375 0.1753772296875 0.644964921875 0.273091525 0.6437173578125 0.3053786984375 0.6337368015625 0.3245638375 0.6134497421875 0.375706653125 0.636231971875 0.367225084375
1 0.66823761875 0.3146720015625 0.71094526875 0.2795436671875 0.73604539375 0.2421827484375 0.7821057921875 0.1804573 0.8266865937500001 0.11503048125 0.844668759375 0.0970447796875 0.8581553968750001 0.071471353125 0.8858779265625 0.0332517140625 0.9154735546874999 0 0.889249559375 0.0014957 0.8221910390625 0.0891155 0.807955171875 0.105977103125 0.7967163 0.1273351328125 0.776111728125 0.15121218281249998 0.7719908140625 0.158237853125 0.7289085484375 0.21809153593750003 0.7023099140625 0.2577162984375 0.6723396203124999 0.285256915625 0.66823761875 0.3146720015625
1 0.7655396421875 0.013178737500000001 0.7569232 0.00137561875 0.7359440015625001 0.0010945921875 0.7621679828125 0.030321370312500002 0.7872681078125 0.0646066265625 0.8052502734375 0.102253884375 0.8105588671874999 0.08749766718749999 0.7977577 0.05617582343750001 0.7655396421875 0.013178737500000001
1 0.85282809375 0.08792151875000001 0.88167449375 0.0747132671875 0.9303762078125001 0.0592567984375 0.9659658999999999 0.047172653125000005 0.9974347031249999 0.03565055625 0.99968249375 0.019913060937499998 0.98432273125 0.026376675 0.9116447875 0.0508259984375 0.8690709203125 0.06957938125 0.85282809375 0.08792151875000001
1 0.6517735328125001 0.389421234375 0.72107981875 0.3174780953125 0.7817696359374999 0.2562299046875 0.8300967109374999 0.2065037078125 0.8761760203125 0.1694081828125 0.90090150625 0.1407434578125 0.9095179484375 0.12781623125 0.9248777609375001 0.11713721562499999 0.92225535625 0.10617717499999998 0.902400015625 0.11713721562499999 0.8293474562500001 0.1845442421875 0.7473038125 0.25227166875 0.695605078125 0.310691359375 0.6517735328125001 0.3579038484375 0.6517735328125001 0.389421234375
0 0.4663610453125 0.5643468781250001 0.4570399 0.5165664750000001 0.4554863765625 0.4047720484375 0.4617004734375 0.3459205609375 0.47568224218750005 0.33484949375 0.453932853125 0.293532878125 0.4189784296875 0.2970289953125 0.40421992500000004 0.308100071875 0.41587138125 0.32091920625000003 0.41664811718749994 0.397834015625 0.411405940625 0.4713253296875 0.406230225 0.478443334375 0.40579891718749994 0.48394362031249993 0.4101120296875 0.503679915625 0.42607048281250004 0.5771248359375 0.43167750781249997 0.605636309375 0.429089628125 0.62407843125 0.428658334375 0.6389615421875 0.49049757656250004 0.6088179484375 0.4826731265625 0.5812448359375 0.4663610453125 0.5643468781250001
1 0.4759158765625 0.327232871875 0.5117308046875 0.27481196093750004 0.533681896875 0.2033119953125 0.5504340453125 0.11450740468750001 0.5689191484375 0.032607987500000005 0.5833606625 0.00054155 0.552744678125 0.000108221875 0.5446574234375 0.020474746874999998 0.5134638 0.1630045671875 0.493823340625 0.2535705921875 0.47822650937500005 0.2791370734375 0.46198261875 0.29598431875000003 0.4759158765625 0.327232871875
0 0.4331690484375 0.175133953125 0.40601903281249996 0.1634340359375 0.39215517499999997 0.20373342968750002 0.4008200890625 0.237099859375 0.4141062671875 0.3016660765625 0.44609830625 0.293134671875 0.4377903140625 0.24230014375 0.4331690484375 0.175133953125
1 0.236797659375 0.1885218984375 0.2731902671875 0.2127883921875 0.2622147015625 0.2171216953125 0.2691466390625 0.22362164375 0.2830104765625 0.21885501093749998 0.3465530796875 0.264354696875 0.40431906093750003 0.3003211 0.4118286765625 0.2899211765625 0.36214991093750004 0.26088805000000004 0.2760785390625 0.20628844218750003 0.213691290625 0.16035543593749998 0.20242530625000002 0.142350834375 0.2044487203125 0.151688828125 0.1657455 0.133055625 0.2038710421875 0.15862211406249999 0.236797659375 0.1885218984375
1 0.1461050609375 0.1469221953125 0.1258869625 0.097955875 0.1420614328125 0.150388834375 0.1761433671875 0.172055346875 0.22697745 0.18808856875 0.2237306328125 0.1844192578125 0.168633790625 0.16468873281250002 0.1461050609375 0.1469221953125
0 0.35059670625 0.08493508749999999 0.31247114531250003 0.0741018359375 0.2691466390625 0.066735221875 0.2373753375 0.0637019109375 0.157692240625 0.0108677578125 0.1386294609375 0 0.09588259375 0.0013344921875 0.131697521875 0.020834353125 0.1738667109375 0.049000821875 0.1946624859375 0.0819339234375 0.213725228125 0.0962338078125 0.233943365625 0.0971048109375 0.276112515625 0.09927145625 0.30961681093750004 0.103604759375 0.3390774796875 0.11833798749999999 0.35756258281250003 0.14038096718749998 0.37084878125 0.176347371875 0.389333884375 0.2014805375 0.400999565625 0.1672642 0.386989275 0.12395568906250001 0.35059670625 0.08493508749999999
1 0.15234185 0.0404332578125 0.12997105 0.00307089375 0.11815249531250001 0.0027542640625 0.1384128640625 0.0413831453125 0.15065346562499998 0.0584811765625 0.1894858171875 0.080961915625 0.2122786921875 0.0891942953125 0.21360862812499998 0.07803928593750001 0.1721800875 0.0553148734375 0.15234185 0.0404332578125
0 0.41194506249999996 0.160627259375 0.4305170171875 0.171076065625 0.43136122343750005 0.1637935609375 0.42756240625 0.0881633296875 0.434315834375 0.07708126562499999 0.413211315625 0.0504843359375 0.397593971875 0.070104009375 0.39928232812500003 0.08118606874999999 0.398860253125 0.1391293859375 0.4085683203125 0.16256002187500002 0.41194506249999996 0.160627259375
1 0.4317832984375 0.07452134375 0.4516215640625 0.045074740625 0.46344009062499997 0.020060959375 0.4689272640625 0.00042988437499999997 0.444023928125 0.0026462984375000003 0.434315834375 0.01941020625 0.4174189765625 0.049793678125000004 0.4317832984375 0.07452134375
1 0.3338582984375 0.00011325468750000001 0.355807009375 0.0108786796875 0.3840870875 0.0393754046875 0.398860253125 0.065339075 0.4111008546875 0.048241043750000004 0.3891521578125 0.0197443296875 0.3684697140625 0.0026462984375000003 0.3338582984375 0.00011325468750000001
1 0.8105813281250001 0.2305318078125 0.8593324499999999 0.2175211234375 0.9329279390625 0.1992358546875 0.9769914640625 0.1805989375 1 0.16899481875 0.9994919875000001 0.15457757968750002 0.9573035000000001 0.1735661359375 0.8996458984375 0.19009320937500002 0.8399563109375 0.20190326406249998 0.8105813281250001 0.2305318078125
1 0.9052710453125 0.1387537828125 0.9474595328125 0.12292998749999999 0.9985544687499999 0.10921603124999998 0.9994919875000001 0.1039414296875 0.9498033156250001 0.11800703125 0.9100770515625 0.1330715078125 0.9052710453125 0.1387537828125
1 0.9005834187499999 0.11624883125 0.909958640625 0.10991930781249999 0.91464626875 0.1039414296875 0.9132399734375 0.079678278125 0.8997651781249999 0.116056915625 0.9005834187499999 0.11624883125
1 0.9258965296874999 0.11735628281249999 0.9765227203125001 0.087466896875 0.9835541296875 0.0350725421875 0.9648036843750001 0.0905791125 0.936209271875 0.106754553125 0.9258965296874999 0.11735628281249999
1 0.9221464218750001 0.10926856562500001 0.930584125 0.10153248749999999 0.9591785375 0.06777506250000001 0.9741789078125 0.046676659375 0.9582410187500001 0.053006182812500004 0.9193338640625001 0.1004775703125 0.9221464218750001 0.10926856562500001