0 0.7920094015625 0.718483796875 0.7881500124999999 0.6772568953125 0.8103414171875001 0.4609785890625 0.82577891875 0.3842154671875 0.792974221875 0.3610705640625 0.7939390953125 0.3299695921875 0.7804312359375001 0.24606928749999998 0.7495562328125 0.2258174875 0.7418374562500001 0.2026725640625 0.705173425 0.1845906046875 0.6588608687499999 0.21424501562499998 0.7157866640625 0.24393146250000003 0.7543804421875 0.33506456562500003 0.7408726359375 0.40960943906249997 0.7350835531250001 0.601266553125 0.7244702609375 0.705418659375 0.7920094015625 0.718483796875
1 0.82571561875 0.6874296875 0.8360183859375001 0.6804787296875 0.8756840218749999 0.638000653125 0.9369854703125 0.5893439500000001 1 0.5379841 0.997771821875 0.51828971875 0.8937138703124999 0.6024931234374999 0.8179885640625001 0.6766366734375 0.82571561875 0.6874296875
1 0.813867446875 0.5746550921875 0.855593640625 0.53565250625 0.92410701875 0.47965867968750003 0.9988020734375 0.41594155937500005 0.995196109375 0.410535259375 0.94265199375 0.4564888140625 0.8669266875 0.5121110859375 0.8060045718750001 0.5614077890625 0.813867446875 0.5746550921875
1 0.8112917625 0.4927524765625 0.8169582859375 0.5074267234375001 0.8859867890625001 0.44177879062500003 0.8792900140625 0.43135235468750005 0.878259734375 0.40625167187500005 0.8870170671875 0.3908050953125 0.91792536875 0.3575949640625 0.94265199375 0.34523770625 0.995196109375 0.3367420921875 1 0.325543325 0.9421368671874999 0.3382867484375 0.9138042515624999 0.348713184375 0.8725932109375 0.398528384375 0.86280556875 0.397756053125 0.8025344000000001 0.344851540625 0.800473840625 0.3548918171875 0.8174734109375 0.367635234375 0.8617752890625001 0.4066736203125 0.8684720921875 0.44142840781250003 0.819446296875 0.48424069999999997 0.8112917625 0.4927524765625
1 0.8842783375 0.4406216359375 0.8981870687500001 0.4271058859375 0.923428846875 0.4105014578125 0.9249742515625 0.4070259796875 0.9198228546875 0.4012335078125 0.948155471875 0.374202009375 0.9790637734375001 0.32593146562499997 0.9981238734375 0.3155050296875 0.999669278125 0.3089402375 0.9749426546875 0.3174358515625 0.9656701671875 0.32863461875 0.9450646328125 0.36338940625 0.9347618656250001 0.374588175 0.9239439734375001 0.3803806359375 0.906944403125 0.4031643359375 0.9033384390625001 0.41397693750000003 0.8792387968750001 0.42964875625000004 0.8842783375 0.4406216359375
1 0.6869762500000001 0.4874318625 0.617947746875 0.4580833703125 0.56488850625 0.43066570468750004 0.5726155890625 0.46387583125000004 0.6426743703125 0.48704568593750003 0.7132483359374999 0.52141431875 0.7328235624999999 0.5434256765625001 0.736941915625 0.5085609515625 0.7245813828125 0.4986306296875 0.6869762500000001 0.4874318625
0 0.6128479953125 0.4703801421875 0.625211321875 0.44103165468750005 0.6149085546874999 0.436397684375 0.6015149484375 0.42631664999999996 0.556182790625 0.3552624125 0.521668525 0.29657168437500003 0.490245096875 0.29657168437500003 0.5299107609375 0.3564271546875 0.5644249984374999 0.422075096875 0.5840002531249999 0.44797049375000003 0.593272740625 0.471526525 0.588121371875 0.47731897500000003 0.5968787046874999 0.4939240390625 0.5989392640625 0.5333327078125001 0.6076966265625 0.5468484671875 0.6262416015625 0.5449098578125 0.6216053578125 0.5086104078125 0.6128479953125 0.4703801421875
0 0.583485128125 0.5456800187499999 0.59996954375 0.5147868640625 0.5731823609375 0.45956633125 0.563909871875 0.438713459375 0.570606675 0.43562413437499997 0.5551525109375001 0.41554359375 0.52888048125 0.39121524218750003 0.4706698421875 0.3255673109375 0.429973928125 0.30548676406249997 0.4593367953125 0.354143471875 0.480457484375 0.3861951125 0.5304258859375001 0.4410394359375 0.5474254562499999 0.47270491562499994 0.5664855578125 0.5205892890625 0.5816668171875 0.5481978187500001 0.583485128125 0.5456800187499999
1 0.4974570265625 0.4707641359375 0.485093728125 0.4703779703125 0.4820028890625 0.46844715312499996 0.435125325 0.4271275734375 0.41297435781249997 0.429830721875 0.433100859375 0.442574140625 0.4552518 0.45879304843749996 0.4794632984375 0.48312140000000003 0.497493146875 0.4842798859375 0.5459161453125 0.46921948437500005 0.5404146265625001 0.459551959375 0.5160020015625 0.464585509375 0.4974570265625 0.4707641359375
1 0.41628771875000004 0.6823060765625 0.40186386250000006 0.6772859359375001 0.35395601875 0.627084571875 0.29780593906249997 0.5358333843749999 0.2921394453125 0.5493491390624999 0.2875032015625 0.5586170796875 0.2972908140625 0.573677490625 0.3276839609375 0.6119077578125001 0.35550142500000004 0.6505242 0.3797129515625 0.671770375 0.381258328125 0.6771766703125001 0.367349596875 0.670611878125 0.360652821875 0.66636406875 0.3637436328125 0.67563201875 0.36992528125 0.6829691421875 0.3889854390625 0.6937817328125 0.4301964515625 0.703049684375 0.47089239374999997 0.7011188671874999 0.4935584875 0.7034358390625 0.47552863749999996 0.6869400421875 0.4384386875 0.6834645625 0.41628771875000004 0.6823060765625
0 0.570031859375 0.7300747921874999 0.5274369828125 0.6892456578124999 0.4918249265625 0.6787766484375 0.4617990578125 0.6337122734375 0.43945419374999994 0.6091101 0.3863852 0.583461021875 0.3724197125 0.5295456296875 0.366135228125 0.514889015625 0.347281753125 0.5483898453125 0.3563593515625 0.5818906671875 0.3961610953125 0.6169618515625 0.4366610796875 0.647845434375 0.4520231625 0.6850104124999999 0.478557659375 0.7101360234375 0.5009024859375 0.7242691859375 0.53930769375 0.748347921875 0.5770146031250001 0.7960299765625 0.61053184375 0.8462812265625 0.6314801515624999 0.8729772078125 0.679661178125 0.880305078125 0.6356697828125 0.79917024375 0.570031859375 0.7300747921874999
0 0.54908355 0.84418741875 0.4925231859375 0.8195852453124999 0.41291969687499996 0.744208384375 0.2313352171875 0.5928759546875 0.17480180781250002 0.5211185359375 0.1252241875 0.5629945828125 0.146172496875 0.5991126578125 0.21390527499999998 0.6462231953125 0.38358640624999996 0.7781913312500001 0.463888115625 0.85519294375 0.5323191921875 0.8949751687499999 0.5909317281249999 0.9138429921875 0.6181644453125 0.9305934140625001 0.6452062421875 0.8811556390625 0.61053184375 0.8640785390625 0.54908355 0.84418741875
0 0.359802303125 0.8567868953125 0.34164710625 0.8285205687499999 0.2222418921875 0.724791346875 0.1594884078125 0.6488328359375 0.0610314640625 0.5928236421874999 0.041479749999999996 0.62580101875 0.1001349296875 0.6524969859375 0.166471190625 0.720022109375 0.1692642640625 0.757227978125 0.1923073890625 0.7645562906250001 0.2642298359375 0.8221358265625 0.31660053125 0.893341534375 0.35989366718750004 0.9336472109375 0.3850316078125 0.9792603734374999 0.3906178328125 1 0.4611436859375 0.9703617171875001 0.425440265625 0.9358279062499999 0.359802303125 0.8567868953125
0 0.389298375 0.9855109984375 0.34879835312499996 0.91955624375 0.2950311015625 0.860929790625 0.20914316562500002 0.7761308203125 0.1602638421875 0.758333509375 0.1602638421875 0.742106540625 0.1616603984375 0.7211251296875 0.109212528125 0.6630221125 0.0617297609375 0.6331854484375 0.08267803124999999 0.678766096875 0.1294625390625 0.757807115625 0.1329539109375 0.768799578125 0.1329539109375 0.7808389328125 0.1594884078125 0.785026534375 0.2223332578125 0.863577828125 0.25654879531249997 0.90231315625 0.31101434375000003 0.95989270625 0.361181278125 1 0.389298375 0.9855109984375
0 0.8365350843750001 0 0.8133997265625 0.0315104359375 0.8013291453125 0.0729827890625 0.7138172828125 0.1785487609375 0.7470114484375 0.204940275 0.8123938671875001 0.1129470515625 0.8395527156249999 0.08052321875 0.8928644968749999 0.0480993859375 0.930082209375 0 0.9029233609375 0 0.8586644734375 0.0382968203125 0.8858233203125 0 0.8365350843750001 0
0 0.644411375 0.09258789687499999 0.6554760421875 0.012659371875 0.6534643250000001 0 0.6061878046875 0.0013487171875 0.6152407546875 0.0103972375 0.6152407546875 0.0360346859375 0.6102112953125001 0.0533776796875 0.611217209375 0.0880636484375 0.61322898125 0.118979390625 0.6152407546875 0.136322384375 0.6313348796875 0.1581896078125 0.664528990625 0.2026781609375 0.6906819796875 0.1815649421875 0.648434865625 0.1385845 0.644411375 0.09258789687499999
0 0.6179204765625 0.542291528125 0.5860900953125 0.552165075 0.6036516749999999 0.5867225078125 0.695850040625 0.727420609375 0.716704396875 0.7570412625 0.720865759375 0.7087943734375 0.6618244546875001 0.6196343421875 0.6179204765625 0.542291528125
1 0.4634904640625 0.6274838578125 0.48052207812500003 0.599310996875 0.50957601875 0.540730915625 0.5231011265625 0.5290899984374999 0.531116003125 0.493791753125 0.5361252890625 0.45548939062500005 0.5210974015625001 0.431832046875 0.5100769374999999 0.4363382109375 0.4765146265625 0.42807691875 0.44796163125 0.4198156234375 0.42341605937500004 0.4224442171875 0.4219132796875 0.42770140312500005 0.43143093437499996 0.42732588906249996 0.45397278124999996 0.4261993515625 0.4790192984375 0.4352116671875 0.49504904843749997 0.439342315625 0.525104853125 0.4506077140625 0.51358344375 0.47992225624999996 0.5150862515625 0.49381624999999996 0.50256300625 0.5186001296875 0.49254440625000007 0.52535936875 0.47751649062499996 0.55126979375 0.44077315468749995 0.608454440625 0.4634904640625 0.6274838578125
1 0.627894646875 0.43504298906249994 0.6309002078125 0.42865927499999995 0.6309002078125 0.3918589609375 0.6359095234375001 0.3666995734375 0.6213825515625 0.3569362296875 0.6008444328125 0.3426667203125 0.581308146875 0.33327887968750003 0.5792750515625 0.34609323125 0.588291790625 0.34609323125 0.6063252671875 0.362240303125 0.6203513203125001 0.37050159531250004 0.6123364437500001 0.3971630453125 0.6120480890625 0.4184744796875 0.627894646875 0.43504298906249994
1 0.7555306546875 0.2955629 0.6598530109375 0.2899301984375 0.5917265546875 0.2812933921875 0.5436600140625 0.27415925625000004 0.5426581515625 0.281294009375 0.609782771875 0.2891797921875 0.6849222671875 0.29931865156250004 0.7685775828125 0.301571728125 0.8387077656249999 0.3034493015625 0.8912883765625 0.30006968125 0.8914966671875 0.29306066249999996 0.8326738484374999 0.2955629 0.7555306546875 0.2955629