0 0.36237000468749997 0.9499381187499999 0.38610519062500004 0.9084218703125 0.46720051093750004 0.8298374390625 0.58785465625 0.7601493828125 0.6610382109375 0.7304948859375 0.8667434515625001 0.654875953125 0.8983905109375 0.586670625 0.846964146875 0.5555333984375 0.7955377828125 0.5851878968750001 0.6135677296875001 0.6430141625 0.581920778125 0.638565975 0.5067592265624999 0.6874958671875 0.36648095 0.7647354 0.36237000468749997 0.9499381187499999
0 0.9114216546874999 0.5844183562499999 0.925609790625 0.573156771875 1 0.530613 0.9998892484375 0.4499049796875 0.95231699375 0.4886948828125 0.84551393125 0.5507857203125 0.9114216546874999 0.5844183562499999
0 0.8738646359375 0.654490425 0.8788722078125 0.6569930078125 0.9381288578125 0.649485278125 0.9498132531250001 0.654490425 0.99905466875 0.645105778125 0.9965508375000001 0.583167065625 0.92394063125 0.583167065625 0.8738646359375 0.654490425
0 0.515839159375 0.5217089125000001 0.5523188484375 0.539210578125 0.5676403484375 0.5381167359375 0.575665846875 0.527725115625 0.5727474609375001 0.511317290625 0.5727474609375001 0.4998318125 0.5690995 0.4692038796875 0.5618035796874999 0.4057603140625 0.5566963859375 0.36852607656249997 0.5340789640625 0.340085853125 0.5326198109375 0.31383334375 0.5063544296875 0.3214903203125 0.5063544296875 0.350477465625 0.5224055046875 0.3718076359375 0.5297014265625 0.389856246875 0.5318902359375001 0.43634505937499996 0.52751261875 0.45712830000000004 0.5172983109375 0.47955231249999997 0.4698747 0.46861377812500005 0.3954561296875 0.4396266328125 0.3604356328125 0.427047296875 0.3616644703125 0.4770566484375 0.43996135625 0.5031133859375 0.515839159375 0.5217089125000001
1 0.574590684375 0.5111701953125001 0.5835542515625 0.5058316015625001 0.6012045609375 0.49920779687500005 0.6130680984375 0.49564873593750003 0.6640681265625 0.4907055953125 0.6962314984375 0.48912379218749996 0.7057223359375 0.48912379218749996 0.7156349796875 0.483290884375 0.7286585015625 0.4780511515625 0.757921890625 0.4780511515625 0.7834944187499999 0.4814124890625 0.8335849124999999 0.492485121875 0.83543034375 0.490507865625 0.7827298703125 0.4788420578125 0.7537301109375 0.47468981406250005 0.72499398125 0.47370118593750005 0.7052093984375001 0.48480739687499996 0.6898034046875 0.48519254062500006 0.668748553125 0.4844222375 0.64255833125 0.48788859218749997 0.599935103125 0.49019948593749996 0.589664440625 0.49559158906249995 0.5727178312500001 0.50367973125 0.574590684375 0.5111701953125001
1 0.6804828203125 0.47677140781249994 0.689151390625 0.47648245468750006 0.6989757828125 0.4774937890625 0.711497053125 0.4789385515625 0.7141939296875 0.478794075 0.717083453125 0.47648245468750006 0.7111117734375 0.47590455 0.707259075 0.47561559999999997 0.701480028125 0.47373740781249996 0.6912703875 0.4724371234375 0.6822165375 0.4724371234375 0.6725847921875 0.47590455 0.6685394609374999 0.4805277890625 0.6671910234375 0.483850740625 0.6728255843750001 0.48403133593750003 0.6762448578125 0.47864959687499997 0.6804828203125 0.47677140781249994
1 0.507793346875 0.40421519687499996 0.4901810484375 0.388211696875 0.478326596875 0.3788128234375 0.46274648125000006 0.3696679703125 0.4536016265625 0.3625553078125 0.44208588125 0.357220809375 0.4349732234375 0.360523115625 0.45089204374999997 0.36661968906250003 0.4657947578125 0.37703465625 0.4915358203125 0.3958324078125 0.5210025828125 0.4265692796875 0.530147425 0.436736578125 0.5318409171875 0.42999859531249995 0.524389565625 0.4212347765625 0.507793346875 0.40421519687499996
1 0.57248470625 0.455026284375 0.5802747765625 0.44842166250000004 0.5904357234375001 0.440800953125 0.6097415140625 0.4286078171875 0.6236281375 0.414890534375 0.64022435625 0.404221546875 0.651062715625 0.39939509375000004 0.6591914531249999 0.3915203578125 0.6473370140625 0.3943146203125 0.629386021875 0.4057456859375 0.5931452953125 0.4319101234375 0.578919978125 0.4413090015625 0.5686743515625 0.45572484375 0.57248470625 0.455026284375
0 0.384360453125 0.0948581953125 0.4007861109375 0.05379403125 0.40845138593749997 0 0.34493880312499997 0.00041063906250000004 0.3460339140625 0.043117359375 0.34055869375 0.0800750921875 0.335083475 0.10307102500000001 0.31646767656249997 0.11949668437500001 0.31099245781249996 0.143313871875 0.3372735296875 0.1293520859375 0.3788852328125 0.14413517343749999 0.39640591875000003 0.11456896875 0.384360453125 0.0948581953125
0 0.4511581171875 0.0365471015625 0.446777925 0.0078021984375 0.446777925 0 0.41392660625 0.002874496875 0.39969100156250004 0.059543018749999996 0.3920257265625 0.095679465625 0.4018811390625 0.12360310000000001 0.38326534218749997 0.14495644375 0.4314472921875 0.167541725 0.453348171875 0.08500279375 0.4511581171875 0.0365471015625
1 0 0.13510104218750002 0.072272884375 0.17534392031249998 0.11278951875000001 0.2131229234375 0.1697318125 0.2533658015625 0.17849215624999998 0.27389787499999996 0.21243850156250002 0.24022528593749998 0.2083320875 0.23837738125 0.1489259609375 0.199982409375 0.09417376250000001 0.13838618593750002 0.0525621015625 0.125245671875 0 0.10224972343750001 0 0.11867538281250001 0 0.13510104218750002
1 0.046693521875 0.073862884375 0.0348557109375 0.056106196875 0.001972959375 0.023059028125 0.0006576703125 0.031937376562499994 0.0269638703125 0.063504825 0.046693521875 0.0975384609375 0.0677384625 0.134038321875 0.07826093281249999 0.13206535 0.0637925421875 0.1074032859375 0.046693521875 0.073862884375