0 0.6572629531249999 0.8463959015625001 0.6760473124999999 0.82840305625 0.7157031859375 0.7814299171875 0.753271903125 0.7368389015625 0.7335308687500001 0.71101170625 0.7137029609375001 0.72822225 0.6823956578125 0.7602964812499999 0.63467985625 0.8020786296875 0.6572629531249999 0.8463959015625001
1 0.6551757968749999 0 0.6541321890625 0.0405243578125 0.6750037046874999 0.32370865000000004 0.6823087265625001 0.4285819390625 0.699005928125 0.46065615937500004 0.6885701984375 0.474737525 0.712572421875 0.5122878375 0.7355310953124999 0.5944959375 0.752228296875 0.6164002859375 0.744923275 0.6383046328125 0.744923275 0.6539505875 0.743879725 0.6680319625 0.7350757765625 0.70985185 0.760576925 0.722054725 0.766838340625 0.6774637078125 0.78770985625 0.6469711499999999 0.7991891921875001 0.624284503125 0.7887534640625 0.6117677390625 0.764751240625 0.59533949375 0.752228296875 0.5694877171875 0.7230082078125 0.4889110109375 0.726138915625 0.46074830312500004 0.7324003875 0.4435377359375 0.70422385 0.4333678515625 0.7010930859375 0.3229339625 0.7010930859375 0.24626875781250002 0.69065735625 0.1891609984375 0.6875266484375 0.084333053125 0.6781344687499999 0 0.6551757968749999 0
1 0.7720562625 0.7017149578125 0.766838340625 0.7369183687499999 0.7981456421875001 0.722054725 0.849280796875 0.6978034765625 0.8837188640625 0.68919819375 0.9400719390625 0.6821575109375 0.95259476875 0.67589915 0.9630306125000001 0.6657292453125 0.9974685640625 0.6500833015625 0.9974685640625 0.6305258328125001 0.95050766875 0.649301 0.9077210859375 0.6696407468750001 0.8743266843749999 0.67589915 0.8440629312500001 0.6712053484375 0.8127556859375 0.684504390625 0.7745130062500001 0.7035982328125 0.7720562625 0.7017149578125
1 0.8554908328125 0.6687884171875 0.8586214828125 0.654707053125 0.87844950625 0.6476663703125001 0.9128874578125 0.6320204046875 0.9494126250000001 0.6155921390625 0.968196984375 0.5983815828125 1 0.5858648203125 0.9932427562499999 0.5772595359375 0.9452383109375001 0.5975992828125001 0.8680136624999999 0.6367141859375 0.8534036171875 0.6359318859374999 0.8325321593749999 0.64923095 0.8232649343749999 0.678147134375 0.8554908328125 0.6687884171875
0 0.543749640625 0.583171425 0.5187038109375 0.5112000125 0.5124423375 0.48069038124999997 0.488440115625 0.45790475624999993 0.4466970828125 0.483720584375 0.4644378921875 0.5330053828125 0.47696077812500004 0.6120174890625 0.48322225 0.7419823359375 0.47696077812500004 0.766233584375 0.56357755 0.7936140140625 0.577401975 0.7422185484375 0.5562725265624999 0.6926931625 0.543749640625 0.583171425
0 0 0.7928316921875 0.03657193125 0.7857910312499999 0.049094818750000005 0.7724919671875 0.09083785 0.7685804640625 0.1503216609375 0.7623220828124999 0.19206469375 0.7544991 0.26094065624999996 0.7412000359375 0.28494287812499997 0.7443292375 0.3141630234375 0.75136991875 0.3569496046875 0.7936140140625 0.3966054796875 0.817082940625 0.46965575625 0.8358581078125 0.49991945156249995 0.8577624328125 0.47904793593750006 0.765451284375 0.4572123203125 0.7703739140625 0.435217746875 0.7740565453125 0.3893004578125 0.7544991 0.35799315468750004 0.7232071906249999 0.3079015515625 0.693479859375 0.268245678125 0.6997382421875 0.2223283890625 0.709125825 0.1826725140625 0.727900971875 0.12423228125 0.739635434375 0.0730970703125 0.75058761875 0.0334411953125 0.7537168000000001 0 0.765451284375 0 0.7928316921875
0 0.408084815625 0.708343525 0.392431165625 0.6731401140625 0.38408259375 0.6707932125 0.366341784375 0.67548699375 0.3120758671875 0.67548699375 0.28076862187499996 0.6793984953125001 0.23485127499999997 0.692697559375 0.15867023281249998 0.6989559421875 0.047007689062500004 0.7099081046875 0.0031774999999999998 0.7059966234374999 0.0031774999999999998 0.730247871875 0.07622780625 0.730247871875 0.139885875 0.7192956875000001 0.21293620937500002 0.7114727046875 0.3277295171875 0.7005205421875 0.3684289421875 0.7044320234375 0.38825685 0.734159353125 0.38825685 0.76075748125 0.4215310171875 0.7788247484374999 0.4289563328125 0.7427646359375 0.408084815625 0.708343525
1 0.3110472828125 0.650163771875 0.2855510109375 0.635829146875 0.2646904359375 0.63539476875 0.24382986093749998 0.6432136515625 0.2310817234375 0.6514669109375 0.2165952171875 0.6636296171875 0.19805249062500002 0.6783986265624999 0.1708178484375 0.693167621875 0.1853043546875 0.697511446875 0.21427736875 0.677095475 0.2328201265625 0.6688422093749999 0.24209148906250003 0.652335678125 0.2623725859375 0.6484262375000001 0.2797564203125 0.647991853125 0.3058321390625 0.663195234375 0.3104678046875 0.6740548015625001 0.3331240171875 0.675686815625 0.32785163906250003 0.661023328125 0.3110472828125 0.650163771875
1 0.2733823515625 0.654507596875 0.2496244828125 0.635829146875 0.22586657968749999 0.614978796875 0.21427736875 0.6015129453125 0.20384708125 0.5941284437500001 0.10711386249999999 0.5028455078125 0.0057082984375 0.3712402890625 0.002249975 0.3803623171875 0.056139782812500004 0.45029787656250003 0.12219828125000001 0.5323961359375 0.20911735468749998 0.6140880015625 0.2386698140625 0.636241496875 0.2659044578125 0.6636075828125 0.29082128281249997 0.6762046734375 0.300798259375 0.675295778125 0.28670993437500003 0.66493276875 0.2733823515625 0.654507596875
1 0.17261134843749998 0.6353727296875 0.1488534453125 0.639716565625 0.10655285 0.6349383578125 0.063672775 0.634069590625 0.013259709375000001 0.6345039859375 0.06599062343749999 0.636241496875 0.12103935625 0.6414541 0.15348914375 0.6414541 0.20795842968749997 0.64362600625 0.2317163 0.641888471875 0.23113685312499999 0.6384134265625 0.20737895156250002 0.6353727296875 0.17261134843749998 0.6353727296875
0 0.43063044687499996 0.36078206874999996 0.3714080203125 0.2603382234375 0.2884965828125 0.1548337453125 0.1885587 0.008822803125 0.1500640921875 0 0.13970017343750002 0.0082678640625 0.158207184375 0.046003673437499996 0.2144684984375 0.1192555484375 0.30774389687500003 0.24633642656250002 0.384733071875 0.3684921796875 0.4387735390625 0.45561255 0.4506180234375 0.4767002265625 0.48552503593749996 0.45706784375 0.464683378125 0.4290394984375 0.43063044687499996 0.36078206874999996
1 0.5149187140625 0.4632850796875 0.521581240625 0.48159805625 0.5867259296875 0.43054372343749997 0.6644554078125 0.36561591875 0.732561228125 0.2989692484375 0.7584710265625 0.274551946875 0.8273171109374999 0.19131118125 0.8991243656250001 0.10807043125 0.9198522062500001 0.082543265625 0.965009359375 0.033708684375 1 0.005406825 0.9901788546875 0.0009673156250000001 0.923593821875 0.057016098437499996 0.8400056359375 0.15646455625 0.7652373296875 0.24802939531249998 0.7008329437499999 0.3046693109375 0.6519743953125 0.356278584375 0.6105186359375 0.38069587031249996 0.51283451875 0.463991796875 0.5149187140625 0.4632850796875
1 0.731820925 0.3078973828125 0.7495876734375 0.314556640625 0.8376811109375 0.3722702390625 0.9043063671875 0.4166653078125 0.930216125 0.4260992578125 0.9428009140625001 0.45051654374999994 0.973152409375 0.5021258171875 1 0.5221035984375 0.9849969359375 0.5098949484374999 0.9442815203125001 0.43054372343749997 0.9398397812500001 0.4172251921875 0.9161508109375 0.41445050625 0.8917215781250001 0.40113197500000003 0.8591492125 0.3767146890625 0.7984461796875 0.33453938125 0.7436654109374999 0.3006881296875 0.7319498265625 0.302053221875 0.731820925 0.3078973828125
1 0.569789009375 0.33384586875 0.508308703125 0.306735475 0.39909065625 0.2736608078125 0.3614791609375 0.26119002187499996 0.30216871562500003 0.249261453125 0.2804697875 0.249261453125 0.2392417890625 0.2427549625 0.0981632125 0.21076470625 0.013537356249999999 0.205342628125 0.002687871875 0.2080536671875 0.014983937499999999 0.2140179484375 0.0880370484375 0.2226932765625 0.1372213078125 0.229741975 0.23052678750000002 0.2514302828125 0.295623615625 0.26281665 0.3976086578125 0.2834205453125 0.5328653953125 0.3284237890625 0.5784331734375 0.3517387171875 0.652932884375 0.3528231359375 0.6673988109375 0.3425211875 0.6435654390625001 0.341978978125 0.6131869062499999 0.3425211875 0.569789009375 0.33384586875