0 0.3613038734375 1 0.36340790312500004 0.95106993125 0.41180242656250005 0.8058269687499999 0.455988609375 0.7837295140625 0.4538845796875 0.7079667781250001 0.48755032812500004 0.5832873562499999 0.47492558437500004 0.45228095625 0.455988609375 0.4017724484375 0.371824446875 0.3196961171875 0.2897641734375 0.20289524218750002 0.22235774218749998 0.1375549078125 0.21191224218750002 0.14765155000000002 0.2582025953125 0.22025753906249998 0.359199703125 0.36070618906249996 0.42442703125000003 0.423841809375 0.4391558046875 0.5090748875 0.423695425 0.5552992859375 0.4309707828125 0.6091931749999999 0.42442703125000003 0.640081340625 0.403386025 0.7332063734375 0.3339504953125 0.8531640734374999 0.2981807171875 0.9099861234375 0.28884173281250003 0.9926184703125 0.3613038734375 1
0 0.22679432031250002 0.8263282015625 0.11876346093750001 0.701570596875 0.0050466859375 0.5768130265625 0.0007822734375 0.6237304109374999 0.10170590625 0.73249343125 0.21115826875 0.8753781890625 0.28507411562499996 0.9414890640625 0.31285907343749997 0.90070731875 0.2665951546875 0.8540520984375 0.22679432031250002 0.8263282015625
0 0.370361696875 0.81459885625 0.2978672578125 0.629061915625 0.28223120625 0.5682826000000001 0.29076003125 0.5266967375 0.2623308375 0.46698368749999997 0.23390164375000003 0.4115358765625 0.218265590625 0.4328619671875 0.22821582343750002 0.46378478437500004 0.2552235140625 0.5416249875 0.23816596093750003 0.5576195546875 0.2509591015625 0.6269293140625 0.3007101671875 0.7250292890625001 0.32849380781250004 0.8631839546875 0.370361696875 0.81459885625
0 0.4846578375 1 0.5605205 0.894815903125 0.6094951453124999 0.844390928125 0.62582000625 0.8098138046875001 0.6104554624999999 0.78676236875 0.56628226875 0.844390928125 0.50770471875 0.9149859078125001 0.4846578375 1
1 0.792909940625 0.7132851734375001 0.8601300140625 0.6578176906250001 0.9273500890624999 0.6311644937499999 1 0.603070575 0.9945701625 0.572095225 0.971523346875 0.5908245078125 0.86109033125 0.63692735625 0.770823375 0.695277046875 0.6891989453125 0.7248116812500001 0.61166845 0.780486025 0.631581775 0.7968465874999999 0.712245825 0.7291330265625 0.741054475 0.7212091 0.792909940625 0.7132851734375001
1 1 0.6599787796875 0.9177473125000001 0.6837505578124999 0.7890688046875 0.7204887453125 0.7564190187500001 0.73201446875 0.7199281625 0.73201446875 0.6565492234375 0.739218040625 0.5778056765625 0.75722695625 0.5038635828125 0.7737951640625 0.43184205625 0.7838801546874999 0.3790262734375 0.801168715625 0.333892796875 0.802609425 0.3079650640625 0.8062112234375001 0.2801167296875 0.8155758578125001 0.24938054062499998 0.8413360437499999 0.264776140625 0.8522876187499999 0.296465609375 0.8306769046875001 0.3185522390625 0.8213122687500001 0.3598445484375 0.8205919140625 0.3915340171875 0.8126679890625 0.4472306828125 0.8011422890625 0.5173076234375 0.7874819515625 0.5845276968750001 0.775956228125 0.65943004375 0.7593880203125 0.75161763125 0.750743740625 0.7794659640625 0.74930303125 0.79387025625 0.742099459375 0.8793357593750001 0.716886971875 0.9427147625 0.7132851734375001 0.9753644828124999 0.7032001828125 1 0.680148759375 1 0.6599787796875
0 0.4526584390625 0.7701079328125 0.46898329843750003 0.7600229421875 0.5333225203125 0.69806504375 0.6149469515625 0.6044186640625 0.64183496875 0.5698415156250001 0.7032933390625 0.5311043421874999 0.725379903125 0.523180415625 0.7935602937499999 0.4763572140625 0.8386938046875001 0.40144010625000004 0.9145564671875 0.3402097734375 0.9500870718750001 0.33228584687499996 0.959817775 0.3070057953125 0.9079622437499999 0.3185315 0.8330598984375 0.37471934375 0.7619986875 0.4705268125 0.7418326265624999 0.4842136 0.7082225890625 0.5094132546875 0.6477245359375 0.5317443109375 0.5987498890625 0.5807285890625 0.573782440625 0.6203482203124999 0.5401724031249999 0.6585271406250001 0.48639630624999997 0.7103928265625 0.45169815468749996 0.7448954453125001 0.4526584390625 0.7701079328125
1 0.7016260609375 0.5304984828125 0.7247963640624999 0.5338267921875001 0.8159987078125001 0.5268003625000001 0.8608604109375 0.5227324296875 0.8702271265625001 0.52236261875 0.8771289375 0.51977394375 0.9195257031249999 0.50720033125 0.9717821859375 0.4986946578125 0.99791039375 0.494626725 0.99791039375 0.48279274687499996 0.974247090625 0.48981917187499996 0.9200186718750001 0.49684559687499996 0.8608604109375 0.512007890625 0.8209285812499999 0.5145965796875 0.76275625625 0.519034321875 0.722331459375 0.523102253125 0.7016260609375 0.5304984828125
1 1 0.37480022343749997 0.90325665 0.3992078125 0.8332103578125001 0.4221261421875 0.74447295 0.46613376874999995 0.7168657406250001 0.48832248125 0.6892421640624999 0.5120595578125 0.691530890625 0.5122135515624999 0.7144431703125 0.501974128125 0.7376134890625 0.48422315937500005 0.8159982125 0.440256940625 0.9037496515625 0.4099323640625 0.9530481953125 0.40068705624999995 1 0.387373828125 1 0.37480022343749997
0 0.4302037546875 0.586815815625 0.41853191250000005 0.560549025 0.394254515625 0.502061646875 0.3727783484375 0.4723022421875 0.34896780625 0.4418327671875 0.34990155 0.4351785125 0.3424315703125 0.42922470781250005 0.3018136109375 0.3634379546875 0.2705330890625 0.2930429546875 0.263996884375 0.2674766234375 0.2364513359375 0.2506658765625 0.22011077499999998 0.26082236718749996 0.230848875 0.2720295296875 0.23738511093749998 0.2940936234375 0.256993759375 0.3346871265625 0.2803374453125 0.38827137500000003 0.3181556828125 0.4439208640625 0.36717738125 0.520168003125 0.3886535484375 0.5691993359375 0.4091959546875 0.610875975 0.4204009109375 0.6416956734375 0.4302037546875 0.586815815625
0 0.25771465937500004 0.44767910312500003 0.258361865625 0.439425834375 0.2764830625 0.382624096875 0.26140014843750004 0.34704454375 0.25393016875 0.365606409375 0.23852335156249999 0.4107852765625 0.25771465937500004 0.44767910312500003
0 0.20917570468750002 0.37435753437499997 0.18264109374999998 0.3612494296875 0.1483402296875 0.34619939843749997 0.1321605859375 0.33017839375 0.1348064421875 0.32236889375 0.13286486875 0.295181734375 0.11086052500000002 0.270907475 0.07461813125 0.2471187171875 0.0474363140625 0.24420579843749998 0.059085670312500005 0.2611977890625 0.0823843390625 0.268965540625 0.10891899375 0.2917833328125 0.116038040625 0.3058624046875 0.10956615624999999 0.321883409375 0.10697742031249999 0.332078596875 0.10697742031249999 0.337904415625 0.11797957031249999 0.3447012015625 0.127687396875 0.3568383234375 0.174284778125 0.3796561140625 0.19111160625 0.3879235734375 0.2131159078125 0.4253059203125 0.21829342343749997 0.4277333546875 0.2335598890625 0.411210421875 0.21435322031249998 0.3845527203125 0.20917570468750002 0.37435753437499997
1 0.07167453593749999 0.330650428125 0.06276625625 0.329267834375 0.0467927828125 0.326272221875 0.0332767765625 0.3230461796875 0.026211603125 0.31889840468749997 0.0231397734375 0.3149810671875 0.016996153125 0.3106028609375 0.00194423125 0.308759409375 0.0010226890625 0.3170549546875 0.0108525015625 0.3184375421875 0.0240613265625 0.329959134375 0.0286690515625 0.331341721875 0.036041415625 0.3341069015625 0.0418778859375 0.332724315625 0.0510933375 0.3341069015625 0.06338061874999999 0.337563384375 0.0765894328125 0.3405589953125 0.10945791406250001 0.3414807203125 0.10680297187500001 0.3335110234375 0.0851905421875 0.332954746875 0.07167453593749999 0.330650428125
1 0.09071979999999999 0.30783768125 0.06860270625 0.28779011875 0.05846570156250001 0.279264140625 0.052936423437500005 0.26358146250000003 0.05815853125 0.25689893750000004 0.054779529687499995 0.25252073125 0.04279941875 0.2603554125 0.0492502515625 0.280633409375 0.06215189375 0.2965332 0.087033628125 0.31220256874999996 0.10976508437500002 0.3287936453125 0.118966353125 0.3271759296875 0.10669327343749999 0.3177462484375 0.09071979999999999 0.30783768125
1 0.0219110484375 0.3110504046875 0 0.3191155234375 0.000715496875 0.3230222625 0.0120812359375 0.3197962203125 0.0286690515625 0.31103980781249996 0.049557421875 0.300209515625 0.05846570156250001 0.2926052671875 0.050378401562499994 0.2860941125 0.044642525 0.2951506140625 0.0219110484375 0.3110504046875
1 0.0445197625 0.2152404140625 0.016259028124999998 0.20026235468750003 0 0.1940406921875 0.0015142875 0.2021058046875 0.016259028124999998 0.20994048437499999 0.0217882859375 0.209479621875 0.040526400000000004 0.22491855156249999 0.0524978125 0.241972809375 0.074367290625 0.2463401296875 0.0546567671875 0.22676200781250003 0.0445197625 0.2152404140625
1 0 0.23022078437500001 0.0079564328125 0.23160337968750003 0.0300735265625 0.24473798906250002 0.0435895328125 0.2518813765625 0.050654726562499995 0.2523422390625 0.04942598125 0.24174237812500002 0.03038071875 0.23505985312500002 0.008263603125000001 0.22169481093750001 0 0.21800790625 0 0.23022078437500001
0 0.4821299921875 0.42081264375 0.48814255468749995 0.40322248125 0.5236165359375 0.36172779374999997 0.536242853125 0.3410098828125 0.5380466296875 0.3198115125 0.56269803125 0.289592553125 0.55969175 0.269747265625 0.5494704421875001 0.2318815453125 0.5530779546875 0.205270825 0.5200090234375 0.140773640625 0.5200090234375 0.129948940625 0.48694005 0.093866596875 0.46288988125 0.07717851875000001 0.474914965625 0.071315134375 0.4923513 0.07086410625 0.5061801625 0.057333231250000005 0.49836386250000003 0.05101881874999999 0.48633877812500004 0.06500072812499999 0.46349111406250004 0.05913734375 0.4460547390625 0.057784259375 0.447257284375 0.072668225 0.46529489062499996 0.095670715625 0.4899462921875 0.1168690875 0.506781434375 0.1493224578125 0.5290278265625 0.195778465625 0.5260215453125 0.212015515625 0.524819040625 0.2431365453125 0.5356416203125 0.27106690625 0.53383784375 0.29091219375 0.5158002374999999 0.314816740625 0.503775153125 0.31797395 0.5001676390625 0.3504480484375 0.467625415625 0.391896321875 0.4821299921875 0.42081264375
1 0.5308942328125 0.3581195703125 0.5856083437499999 0.3405294234375 0.626493615625 0.32248826249999996 0.68361275625 0.30850635312499997 0.7196880109375 0.3012898765625 0.759972009375 0.298583709375 0.7978509984375 0.2936223875 0.833926253125 0.292269303125 0.8477551140624999 0.2841507703125 0.9120892812499999 0.2728750359375 0.9517720484375 0.2670116578125 0.9379431874999999 0.260697253125 0.8386829890625 0.27918944843750004 0.8062152484375 0.283248715625 0.7587161828125 0.2913672328125 0.7220303703125001 0.29046517656250004 0.6943726875 0.2949754703125 0.6336460328125 0.31166354687500003 0.5765268921875 0.331508834375 0.5380466296875 0.3409804515625 0.5308942328125 0.3581195703125
1 0.861583934375 0.2742660859375 0.894051675 0.247655365625 0.934936946875 0.21924051718749998 0.9379431874999999 0.21382816718750003 0.9601896203125 0.19759111093749998 0.9860435656250001 0.1849622921875 0.9998723859374999 0.16556803281250002 0.9523732812500001 0.1944339078125 0.94395575 0.19759111093749998 0.935538178125 0.20706272656250002 0.917500571875 0.224614909375 0.8862353765625001 0.241754021875 0.848627253125 0.27681606875 0.861583934375 0.2742660859375
1 0.8429450562499999 0.29140519062500003 0.8700015062500001 0.297719596875 0.8946529078125 0.30358298906250003 0.918101803125 0.3071912125 0.9301268890625 0.30358298906250003 0.927120646875 0.30087680625 0.8958554109374999 0.2950134296875 0.8545791671874999 0.2877477515625 0.8429450562499999 0.29140519062500003
1 0.5723807562500001 0.275282671875 0.6258923828125 0.2283756359375 0.6691826640625 0.17560520625 0.70104913125 0.125093459375 0.7287068140625 0.089913178125 0.7407318984375 0.05608598125000001 0.7581682328125 0.013238195312500001 0.7677883078125001 0.001511440625 0.756965728125 0 0.7401306265625001 0.026331084375 0.71608045625 0.08090562500000001 0.6818089796875 0.130472521875 0.6667776546875 0.1467095796875 0.6541512984375 0.1773795578125 0.6240886062500001 0.2093178734375 0.5946271671875001 0.24134094374999998 0.5602901 0.2713799875 0.5723807562500001 0.275282671875
1 0.279679840625 0.16473391875 0.27541142343749997 0.13719694531249998 0.272850328125 0.1237486546875 0.3001684328125 0.100694453125 0.32577921718749997 0.094930896875 0.3291939734375 0.0577880109375 0.32834025625 0.013618109375000001 0.32151074375 0 0.283094596875 0.001450625 0.30699800312500003 0.0481994234375 0.292485203125 0.075096003125 0.25663020937500003 0.0936674578125 0.24467850625 0.11095810312500001 0.24553216562500002 0.15322415312499998 0.25663020937500003 0.175004678125 0.2549227734375 0.22687664999999999 0.23784899375 0.24800967499999999 0.2660208171875 0.2582315359375 0.2805335578125 0.20764035937499997 0.279679840625 0.16473391875
1 0.2816786109375 0.228064721875 0.307272840625 0.22246488437499998 0.32540209062500003 0.21326514843750002 0.39312018125 0.1912657734375 0.4528400625 0.1832659984375 0.5242982875 0.1640665484375 0.6069463578125001 0.13486737499999998 0.6448337343749999 0.1297084453125 0.6682951171875 0.128508496875 0.686424384375 0.122908646875 0.7194836125 0.10730909687500001 0.7520096109375001 0.097309371875 0.8079969921875 0.0717101109375 0.85332010625 0.0473107984375 0.89491075625 0.0253114234375 0.9290363718749999 0.022111510937500002 0.9476988671875001 0.0261113984375 0.9764924031250001 0.024111460937500002 0.9946216343750001 0.014911725 0.9583631 0.0173116484375 0.9472434609375 0.008111918749999999 0.9211159671875 0.0109118375 0.8619293156250001 0.027711360937500002 0.8453997375 0.0369110984375 0.8096744328125001 0.055310573437499996 0.76864155 0.0765068453125 0.7121209375 0.09410634375 0.7030563578125 0.100106175 0.6875931671875 0.108905925 0.655076025 0.11490575 0.5969558312500001 0.12330551249999999 0.5415016078125 0.1445049125 0.461573484375 0.165297046875 0.38799002968749996 0.181696584375 0.3575788515625 0.1900963390625 0.2893275484375 0.2092957953125 0.2816786109375 0.228064721875
1 0.555750209375 0.12526765 0.5653480546874999 0.0952685 0.5760123234375001 0.0824688703125 0.590409090625 0.0712691890625 0.6442636265624999 0.0660693359375 0.6810635890625 0.06289938125 0.70665781875 0.0432999375 0.737050971875 0.019700610937499998 0.7535814484375 0.0008855874999999999 0.7098579875000001 0.0228849625 0.6810644515625001 0.0460842984375 0.6186785312499999 0.0604838859375 0.5829532265624999 0.059683910937499994 0.5536264984375 0.0720835609375 0.5477611515625 0.0948829109375 0.5360304609375001 0.1472705875 0.5258994218749999 0.2020690234375 0.52749905625 0.23242351718749998 0.5285654796875 0.24362320468749998 0.539762959375 0.23762336718750002 0.545915146875 0.20409904375000001 0.5498848640625 0.1700663734375 0.555750209375 0.12526765
0 0.21894910625000003 0.173293025 0.21305683593750002 0.144194290625 0.22091318593749998 0.1250406953125 0.2017633640625 0.10699210781249999 0.1934160109375 0.11841059843749999 0.190469859375 0.1386692125 0.195380090625 0.16113785625 0.1993082484375 0.18507985625 0.212074796875 0.22559708281250002 0.2238593046875 0.256905840625 0.2414716171875 0.2434907625 0.2331887296875 0.2038651078125 0.21894910625000003 0.173293025
1 0 0.152833334375 0.01895644375 0.1584314703125 0.076792509375 0.1710272859375 0.111494121875 0.17130719218749998 0.136494234375 0.1741062625 0.1566435578125 0.1934198328125 0.1857481640625 0.2270086671875 0.220822925 0.259477875 0.21671488593750002 0.24296335937500002 0.19544614531249999 0.22253015937499998 0.1734311375 0.19817825625000002 0.151416128125 0.168508121875 0.1335056 0.16095063437499998 0.133132465625 0.16682868125 0.1208189828125 0.1645894234375 0.077538778125 0.16263007499999999 0.06298646249999999 0.1598310046875 0.029777387500000002 0.15479268125 0 0.1477950109375 0 0.152833334375