0 0.7252593093749999 0.7952727390625001 0.733040746875 0.7193886046875 0.75054904375 0.6580975359375 0.8050192328125 0.51809943125 0.8517079843750001 0.39989526249999996 0.9159050343749999 0.2600059140625 0.9178504593750001 0.1987148453125 0.888669875 0.21330795937499997 0.8673368734375 0.2985381828125 0.81474609375 0.3986404234375 0.731095321875 0.5781357093749999 0.6882972890625 0.69635499375 0.659116834375 0.9225481859375 0.664952978125 0.9980763921875001 0.731095321875 0.9995356984375 0.721368590625 0.974767975 0.7388768890625 0.8638603390625 0.7252593093749999 0.7952727390625001
0 0 0.8851417343750001 0.0328211546875 0.8327499140624999 0.127606803125 0.6456361312500001 0.20077467968749999 0.5009348203124999 0.215740846875 0.4497904015625 0.1608649390625 0.46226465625 0.13592136562499998 0.5396050078125 0.0926857109375 0.6044711031250001 0.0311581984375 0.7304610312500001 0 0.7653889546875 0 0.8851417343750001
0 0.0830678546875 0.27056695468749997 0.044688429687499996 0.0626376421875 0.046109835937499996 0.01252134375 0.0148377328125 0.0434441703125 0.034738196875 0.1991245765625 0.0361597 0.24071045624999998 0.077381940625 0.3494734765625 0.138504740625 0.41984955468749996 0.1584052046875 0.43051259999999997 0.158075196875 0.40704055937500006 0.118604275 0.358003884375 0.0830678546875 0.27056695468749997
0 0.18366834999999998 0.32319305 0.19613206875 0.2515123328125 0.22729150312500002 0.1798316421875 0.24598708125000002 0.07934393125 0.24806443749999998 0.055190646875000006 0.226252825 0.11362600468749999 0.1982093546875 0.22893842343749998 0.1701659546875 0.25932481875 0.163934025 0.33174133437500003 0.163934025 0.3964097765625 0.1701659546875 0.45250770156250003 0.20132531875 0.4377263328125 0.1919774953125 0.3894197640625 0.18366834999999998 0.32319305
1 0.14858476874999998 0.18406060156249998 0.11619990312499999 0.047967765625 0.099332765625 0 0.08246567187500001 0.0059603609375 0.1087783703125 0.0732734171875 0.1269948734375 0.1542515390625 0.149259475 0.234156059375 0.1647772015625 0.2422538625 0.16612656718750002 0.2554128171875 0.18839116875 0.2321413640625 0.1681506390625 0.2220190953125 0.14858476874999998 0.18406060156249998
1 0.0784175296875 0.1972097875 0.07167070156250001 0.20277703281249998 0.0736947734375 0.20935651875 0.08111630625 0.2083442796875 0.11215180625000001 0.23162549999999998 0.12362143750000001 0.23972330468749997 0.15398223125 0.24124163906249999 0.1462699171875 0.2332493609375 0.11889863437499999 0.22403379218750002 0.0784175296875 0.1972097875
1 0.295113059375 0.1699932890625 0.254632 0.1112841578125 0.18716349375000002 0.0192282234375 0.1648988921875 0 0.143308975 0.00050203125 0.1959343921875 0.0561744859375 0.239114228125 0.131079234375 0.2708244328125 0.172074415625 0.3173776609375 0.21711848906250003 0.3382928953125 0.24338458749999997 0.3585334703125 0.30766095625 0.371352465625 0.279796578125 0.3531359625 0.234246390625 0.295113059375 0.1699932890625
0 0.2173870171875 0.473911090625 0.285530184375 0.4298792390625 0.3253365828125 0.38787185156250004 0.3806607546875 0.30847793437500004 0.426539321875 0.24268322968749997 0.45555075 0.2173775609375 0.491309053125 0.1788932875 0.5527053921875 0.12980028593749998 0.6073548578125 0.03212044375 0.6127523203125 0.0007414265625 0.5844155515625 0.0007414265625 0.5884636484375 0.0260470859375 0.56619909375 0.05537838125 0.5358382546875 0.111556946875 0.5041280484375 0.140405396875 0.4521773140625 0.18391724375000001 0.4170937171875 0.22238185000000002 0.3745885875 0.280542459375 0.3597455203125 0.29825641875 0.3327581171875 0.3341904578125 0.3017226171875 0.379740653125 0.260566853125 0.415674684375 0.21602645625 0.44254124531250005 0.2173870171875 0.473911090625
0 0.29828589375000003 0.6891087453125 0.2529528640625 0.7391182515625 0.216953121875 0.761122434375 0.2116197953125 0.8451383859374999 0.202286553125 0.9381560875 0.1876199828125 1 0.28558205000000003 0.9982048140625001 0.286128203125 0.9966469703125 0.2809526828125 0.884145815625 0.2902859703125 0.8031304265625 0.30761918125 0.7191144421875 0.29828589375000003 0.6891087453125
1 0.37940466562499997 0.62745404375 0.41781318125 0.5958013734375001 0.4978951546875 0.549148571875 0.569302515625 0.5077566203125 0.6374640625 0.46843535625 0.7153630203125 0.42542019687500005 0.73970641875 0.42095635781249996 0.73970641875 0.41486929687499996 0.7245594125 0.41730412499999997 0.7591811671875 0.40269520312499996 0.7694595234375 0.3840282390625 0.741870309375 0.386463059375 0.7310510078125 0.3978255484375 0.6580198984375001 0.43472734218750003 0.599054709375 0.4663800125 0.5709245125 0.48748179687500004 0.5444172609375 0.5049313343749999 0.4659773578125 0.54868214375 0.384291640625 0.5961611484375 0.3800244296875 0.6033686359375 0.37940466562499997 0.62745404375
0 0.30135845156249996 0.686753859375 0.3146119578125 0.7194665203125 0.33641611562499996 0.6915645406250001 0.3620680671875 0.6649454078125 0.3791693390625 0.625818503125 0.374038965625 0.6046514859375 0.3574364171875 0.6133624656250001 0.324445215625 0.67200108125 0.30135845156249996 0.686753859375
0 0.289815096875 0.62517708125 0.299220809375 0.564226278125 0.310336646875 0.540172846875 0.3116192265625 0.52093010625 0.29195273906249997 0.5279857812500001 0.27912677656249996 0.5645469890625 0.2654457390625 0.6280480421875 0.26288055312499997 0.6527281453125 0.26501820781249996 0.692817190625 0.26715586406249997 0.7194363234375001 0.29067015937499996 0.682263878125 0.285112240625 0.662700428125 0.289815096875 0.62517708125
1 0.37801449374999996 0.6025939640625 0.392978125 0.55801495 0.41093448906249996 0.519226590625 0.4156373453125 0.488785784375 0.4374415015625 0.4143801625 0.458390596875 0.36306618749999997 0.47463680625000004 0.331663246875 0.517390059375 0.26558401875 0.5460347421875 0.2194014359375 0.5562954890625 0.20531386562499998 0.6041791421875 0.184146859375 0.5973385875 0.18190186875 0.5515926328125 0.19986176093750002 0.56270846875 0.1408506890625 0.5614258609375 0.12385293125 0.5460347421875 0.1417557515625 0.5468897765625 0.1645263328125 0.5370565468749999 0.1840627984375 0.5362014562499999 0.20073984375 0.52380306875 0.22286899531249998 0.5075568015624999 0.25429618593750003 0.49900615000000004 0.26744539375 0.46608615625 0.32292863125000004 0.4459921515625 0.349859790625 0.42632566406250005 0.4034187546875 0.420767746875 0.4146436859375 0.40794175624999995 0.4591807390625 0.39939110625 0.4806684671875 0.39468825 0.5139895078125 0.39169554687499997 0.518479478125 0.37972461874999996 0.5447778890625 0.35884715625 0.6108936734375 0.37801449374999996 0.6025939640625
1 0.32643666250000003 0.46844134843749996 0.3310048671875 0.460533284375 0.3471692859375 0.4516325671875 0.3896887421875 0.41894589687500006 0.4248287984375 0.3865228234375 0.4371278125 0.37756034843749997 0.45996883281249995 0.3701794890625 0.4828098515625 0.3659618546875 0.47367344375 0.3620078203125 0.43431659375000004 0.3683342734375 0.42869420468749997 0.371761103125 0.38582333750000003 0.40813820312500004 0.3503318921875 0.437134446875 0.3137862375 0.46085864218749995 0.3018386359375 0.4521597703125 0.30008162656250004 0.4532141765625 0.3109750421875 0.462440259375 0.3099208328125 0.46778949531249997 0.294107825 0.5220915421875 0.295513421875 0.5244639546875 0.3142716015625 0.518633284375 0.31765164375 0.4876843078125 0.32643666250000003 0.46844134843749996
1 0.314174671875 0.542689934375 0.34544929999999996 0.5179113328125 0.3728433296875 0.4846600296875 0.393575953125 0.48044239843750003 0.4301216078125 0.472270728125 0.5070759484375 0.4556637859375 0.5534607968749999 0.45039175 0.589303653125 0.44248368125 0.628660503125 0.44090206875 0.64693331875 0.4356300234375 0.6391974640625 0.4240315265625 0.5291991875 0.443010884375 0.44310161406250004 0.45777260625 0.4079615578125 0.46568067500000004 0.3791467375 0.4696347046875 0.3717673140625 0.46673508124999996 0.3703617171875 0.4622538484375 0.364387915625 0.4635718546875 0.3640365046875 0.46726228281250004 0.3608738984375 0.4743795484375 0.3468178984375 0.48492362968749997 0.3327618765625 0.510756646875 0.31694884375 0.5194555203125 0.314174671875 0.542689934375
1 0.766318146875 0.387321996875 0.77810049375 0.37446690781249997 0.779707178125 0.3672359203125 0.7636403421875 0.380894453125 0.7550713625000001 0.368441084375 0.717046515625 0.3174224484375 0.7036574859375 0.28689161093750004 0.6924107 0.2386850265625 0.680628353125 0.2161886203125 0.673130496875 0.2226161640625 0.64849468125 0.24029191249999998 0.6409968234375001 0.23306092500000003 0.631356721875 0.2198041140625 0.6292144765625001 0.22542821562499998 0.6265366703125 0.239890190625 0.6474235578124999 0.2499332296875 0.6592059046875 0.24752290000000002 0.675272740625 0.237078140625 0.675808303125 0.23908674843750002 0.6838417203125 0.2519418375 0.6827705984375 0.2684124203125 0.6956240671875 0.3105728703125 0.7106197812499999 0.33306927656249996 0.74168233125 0.379267253125 0.7395678796875 0.3872318375 0.766318146875 0.387321996875
1 0.7722093203125 0.3889471390625 0.750786871875 0.4050160015625 0.7556069234375 0.41023838125 0.78345610625 0.41305043281250003 0.791489525 0.41465731874999995 0.7947028921875 0.4198796984375 0.8070207999999999 0.4126304546875 0.7984518203125 0.410621846875 0.7609625359375001 0.40379258125 0.7995229421875 0.39495470625 0.855221309375 0.39495470625 0.8905683484375 0.3869202765625 0.953764571875 0.3672359203125 0.9987517140625 0.3587997671875 0.9976805921875 0.3443377921875 0.9848271234375 0.34674812187500004 0.9634046734374999 0.35438083125 0.9157397265625 0.3624152625 0.8739659515625 0.36964625 0.7717083031249999 0.38854316718750004 0.7722093203125 0.3889471390625
0 0.5338657015625 0.9016838515625001 0.519887134375 0.8821113890625 0.5096361843749999 0.873723190625 0.5003171390625 0.8303841671875001 0.5189552296875 0.7772589125 0.5599590296875 0.7409100546875 0.5683461703125 0.7220366078125 0.5869842609375 0.6968720140625 0.6345113921875 0.6478871921875 0.61960091875 0.6436930921874999 0.5832566421875 0.6793429343749999 0.5357295109375 0.7296721234375 0.49286190156250004 0.7730111468749999 0.46863238437500004 0.8331265671875 0.48540666562499996 0.90302821875 0.4947257109375 0.9226006812499999 0.48913428437500006 0.9736723062499999 0.48074714375000005 1 0.519581840625 0.995937528125 0.5273423703125 0.9184602484375001 0.5338657015625 0.9016838515625001
1 0.629806971875 0.6456239218750001 0.640224275 0.63243490625 0.65975671875 0.6172953546875 0.6802748000000001 0.6002141671875 0.691343184375 0.5928885765625 0.7004583249999999 0.5906909 0.7268271234375 0.5906909 0.779564721875 0.5904467140625 0.83100015625 0.5916676453124999 0.8362088078125 0.5950862546875 0.8414174593749999 0.591423459375 0.8658330140625001 0.5755513484375 0.89968925 0.564074590625 0.9117342562499999 0.55845830625 0.94070738125 0.551865275 0.9872597046875 0.5399001453125 0.9879107859375 0.5345280453125001 0.9188805484375001 0.55040015625 0.9035801343750001 0.5540629515625 0.877211334375 0.5618769140625 0.8417159062499999 0.5792175890625 0.8286942765624999 0.582880384375 0.7873506046875 0.5819036390625001 0.7261489484375 0.5823920109375 0.7056398828125 0.5826361984374999 0.69099055 0.5845896890625 0.6747135140625 0.591915278125 0.653227825 0.611450184375 0.6366252484375 0.622926940625 0.62099929375 0.638554865625 0.629806971875 0.6456239218750001
1 0.6278537281250001 0.655391375 0.63696886875 0.6534378843749999 0.6727783484375001 0.64098438125 0.70956445 0.63072855625 0.7118432359375 0.624135525 0.7030536359374999 0.6265773890624999 0.6581290156249999 0.6402518234375 0.635544465625 0.6499286546875 0.6278537281250001 0.655391375
1 0.9039319359375 0.5626094734375 0.9094661281249999 0.565295521875 0.9316028968750001 0.5665164546875 0.9582972359375 0.56480715 0.9859681984374999 0.5645629640625 0.9996409093749999 0.5623652875 1 0.556504815625 0.980108465625 0.5567490015625001 0.9381137109375001 0.5606559828125001 0.9168603203125001 0.558903975 0.9039319359375 0.5626094734375
1 0.36930841875 0.6563580234375 0.3756893515625 0.6563580234375 0.449601815625 0.6192641796875 0.51287939375 0.5781817499999999 0.547974521875 0.5582388234375 0.5708395281249999 0.5091792234375 0.5506332421875 0.5215303203125 0.5506332421875 0.5303052078125 0.5304269578125 0.5570287296875 0.454387515625 0.599307734375 0.39430040312500003 0.63241299375 0.37249888593749997 0.645575325 0.36930841875 0.6563580234375
1 0.544213909375 0.562929053125 0.574848825 0.5646104484375 0.6529304984375 0.5578848640625 0.6704895359374999 0.559566259375 0.68580699375 0.553401140625 0.71270594375 0.5447139265625001 0.7186834875 0.547516253125 0.7410992796875 0.555923234375 0.7444616484375 0.552840675 0.72877059375 0.545274390625 0.729144190625 0.539109271875 0.6805766421875 0.54919765 0.66899515 0.5536813734375 0.6469529546875 0.552280209375 0.6129556703125 0.555923234375 0.5767168078125 0.5584453296875 0.5490897375 0.5595736578125 0.544213909375 0.562929053125
0 0.728201328125 0.8920379781250001 0.782607640625 0.8779114828125 0.8349214015624999 0.8486120843749999 0.933271271875 0.796291728125 0.9981403359375 0.7298448765625001 1 0.7214736187499999 0.9388514062500001 0.7748403828125 0.8844450953124999 0.8051861890625001 0.83771146875 0.82977675625 0.7749349546875 0.8616921718749999 0.7321497156250001 0.868512378125 0.728201328125 0.8920379781250001
1 1 0.7722243640625 0.9570763781249999 0.7789324046874999 0.940246440625 0.7879204703125 0.9611719453124999 0.7879204703125 1 0.780595621875 1 0.7722243640625