0 0.0024673171875 0.9079343281250001 0.1387095109375 0.7990253859374999 0.3070525359375 0.6573088312500001 0.3584549859375 0.625503565625 0.411142496875 0.598517278125 0.4805358046875 0.5686396046875 0.56920503125 0.551291278125 0.6257477265625 0.551291278125 0.7221273203125 0.5580378500000001 0.869909365625 0.5657482171875 0.9611487140625 0.5609292375 0.998415490625 0.5349067468750001 0.998415490625 0.46744103125 0.940587734375 0.502137684375 0.9123163859375 0.5165946234375001 0.76718156875 0.5069566640625001 0.62453976875 0.499246296875 0.5487211546874999 0.48671695000000004 0.519164746875 0.4905721328125 0.46005192812500006 0.5137032359375 0.44463119375 0.5002100921875 0.39194368281249997 0.47611519375 0.363672334375 0.48671695000000004 0.3598171515625 0.5069566640625001 0.3199802515625 0.5233411953125 0.27757323125 0.5696034 0.220391309375 0.60661103125 0.1027066296875 0.7077128687500001 0 0.7863476328125001 0.0024673171875 0.9079343281250001
0 0.4047942953125 0.19950575937499998 0.416359846875 0 0.37395282500000004 0.001889040625 0.3623872734375 0.13200149218749999 0.3533918453125 0.14645843125 0.331545803125 0.1830826765625 0.3495366609375 0.227417290625 0.3662424578125 0.2572949640625 0.3842333140625 0.37487806875 0.3842333140625 0.425959253125 0.39194368281249997 0.4925382765625 0.43435070312499996 0.49635490937500004 0.41892996875 0.4076856828125 0.4047942953125 0.19950575937499998
1 0.438832571875 0.53998883125 0.511614559375 0.42651315 0.57012556875 0.34787649374999996 0.641480459375 0.2542232015625 0.657892084375 0.24244964375000003 0.6714495125 0.22211350156249998 0.68357984375 0.1932147703125 0.6571785343750001 0.20980478281249998 0.6500430453125 0.22104317812500002 0.5422971624999999 0.36016380625 0.5094739125000001 0.4051173875 0.4623796859375 0.47361808125 0.4416867671875 0.50572778125 0.4202803015625 0.5265990859375 0.438832571875 0.53998883125
1 0.2183459625 0.3869218890625 0.1448504265625 0.3243507875 0.127725253125 0.3168585234375 0.11131362812500001 0.2970575421875 0.0049948421875 0.0899499734375 0.107032334375 0.3029443203125 0.115594921875 0.3168585234375 0.208356278125 0.3912245890625 0.2319033921875 0.4062091171875 0.3225241015625 0.48594820624999996 0.3453576671875 0.5009327328125 0.3546338015625 0.49663003281250007 0.29826343906249997 0.4479303203125 0.2183459625 0.3869218890625
1 0.4260457765625 0.429274584375 0.47599419843749996 0.3677309921875 0.5409271484375 0.30134953750000004 0.5594794203125 0.29760340625000004 0.61727688125 0.2547904734375 0.5173229515625 0.3066690453125 0.44596806093749997 0.3842674875 0.42099385 0.42440461406249996 0.4260457765625 0.429274584375
1 0.0834852203125 0 0.114881371875 0.0246174375 0.21620531562499998 0.10542685 0.3203834546875 0.1707165734375 0.33608153125 0.1766033515625 0.3474983125 0.139677196875 0.326091846875 0.1444936515625 0.2518827609375 0.099004909375 0.123443959375 0 0.0834852203125 0
1 0.305277915625 0.3051383921875 0.2645369875 0.25533679375 0.23105129375 0.1686925578125 0.2249122484375 0.180831121875 0.2561655640625 0.2465467984375 0.2606303234375 0.259103934375 0.3370893265625 0.34870328125 0.3705750203125 0.39223468437500003 0.377272159375 0.38048120625 0.340995990625 0.340298371875 0.305277915625 0.3051383921875
1 0.265653178125 0.190458259375 0.24109700156249997 0.1486011421875 0.24277128593750003 0.122649728125 0.229935103125 0.117208303125 0.2377484328125 0.1686925578125 0.282396025 0.2335710921875 0.3192302890625 0.30305390781249997 0.348251225 0.344073884375 0.35159979375 0.339494715625 0.32146266875 0.29554474062499997 0.265653178125 0.190458259375
1 0.43143297968749994 0.45392912812499997 0.48197227187499997 0.40400616874999995 0.5288135671874999 0.3721109453125 0.5318952312499999 0.362865953125 0.494298928125 0.385053934375 0.430816646875 0.44237288750000003 0.43143297968749994 0.45392912812499997
1 0.46841295 0.5093990828125 0.5078582500000001 0.4793528578125 0.5861325203125001 0.423882903125 0.600308175 0.41232666250000005 0.5892141843750001 0.4026194203125 0.58798151875 0.3254237328125 0.57812019375 0.3416024703125 0.576887528125 0.416024659375 0.53682589375 0.446070884375 0.48012327343749994 0.4890601 0.46841295 0.5093990828125
1 0.5442218875 0.42619415156249996 0.5596302078125001 0.3942989265625 0.6206471578125 0.32634823281249997 0.6101695 0.3106317453125 0.591679515625 0.3254237328125 0.5386748921875 0.3956856765625 0.51032358125 0.43821264062500004 0.5066255843749999 0.48998459843750003 0.5386748921875 0.48351310312500007 0.5251155703125 0.460862871875 0.5442218875 0.42619415156249996
1 0.5787365265625 0.4904468484375 0.616332828125 0.44699538437499997 0.650231134375 0.4275809 0.6662557875 0.4169491578125 0.6570107953125001 0.3813559375 0.655161796875 0.41232666250000005 0.6471494703125 0.4215716546875 0.6120184984375 0.4414483890625 0.5682588671875 0.48536210312500006 0.5787365265625 0.4904468484375
1 0.6027735062499999 0.49322034531250003 0.6570107953125001 0.4673343671875 0.682280440625 0.461787371875 0.6791987765624999 0.45485362812499996 0.6619414578125 0.45577812656249994 0.59291218125 0.48628660156250003 0.6027735062499999 0.49322034531250003
1 0.63913714375 0.49830509218749997 0.689676434375 0.48027735624999995 0.7593220453125 0.469645615625 0.7882896875000001 0.45993837343750005 0.838212646875 0.46409862031250004 0.87395995 0.47611710937499996 0.9318952359375 0.5033898375 0.936209565625 0.5029275875 0.8511556359375 0.460862871875 0.794453015625 0.453466878125 0.76610170625 0.461787371875 0.6835131062500001 0.4738058625 0.621263490625 0.49830509218749997 0.63913714375 0.49830509218749997
1 0.41848999062500003 0.4030816703125 0.4665639515625 0.35778120625 0.48443760312500006 0.3346687265625 0.4203389890625 0.391987678125 0.41848999062500003 0.4030816703125