0 0.44591369375 0.7458750890625 0.3483401234375 0.7001599125 0.2141766015625 0.65596858125 0.11863587499999999 0.6239679953125 0 0.5797766625 0.004800115625 0.6712069734375 0.1409964796875 0.71235061875 0.25076666406250003 0.7672088125000001 0.354438540625 0.8022571265625 0.44184811875 0.8662583390625 0.5109626671874999 0.9683555531250001 0.576011640625 0.898258925 0.5888120328124999 0.8956832374999999 0.5007987859374999 0.8114001453125 0.44591369375 0.7458750890625
0 0.11331487031250001 0.489343334375 0.018089675 0.3721924765625 0 0.43025136562500005 0.06633710937500001 0.520670971875 0.1056968328125 0.5768262859375 0.12728120468749998 0.6329816 0.21582909374999998 0.6614016265625 0.1729892921875 0.594991496875 0.11331487031250001 0.489343334375
0 0.518848246875 0.6216642671875 0.5379115234375 0.5491128109375001 0.5555083921875 0.4886546265625 0.5562415765625001 0.44413440781249997 0.5665064 0.4237980140625 0.5716388109375 0.39356824375 0.5760380390625001 0.3578324296875 0.5665064 0.28079621875 0.5694392171875 0.21209218437500002 0.5665064 0.1780149890625 0.53497870625 0.0993706390625 0.52031465625 0.08947725937499999 0.469723725 0.16587613750000002 0.49685219218750004 0.2670075703125 0.50125141875 0.34725387812499997 0.48878696250000003 0.40494928281250003 0.47265650312499996 0.47859999999999997 0.456526084375 0.5649352140625 0.4425952171875 0.6160510015625 0.4616584953125 0.6501282125000001 0.488053778125 0.7133930296875 0.4946525984375 0.741973903125 0.565039990625 0.696963884375 0.53571193125 0.6744289546875 0.518848246875 0.6216642671875
0 0.37804823125000003 0.5897095078125 0.3620767265625 0.5707937015625 0.33477441875 0.5603672640624999 0.30129043125 0.5472376796875 0.2817151765625 0.5584364468749999 0.2786243390625 0.5750415109375 0.2966541875 0.5781308234375 0.31674456875 0.5843094609375 0.35331939375 0.617133421875 0.37083408906250004 0.634510815625 0.40843916562500004 0.6526605515624999 0.46304383906249996 0.676988903125 0.45531897031249996 0.628712103125 0.42492582187499994 0.6198303234375 0.37804823125000003 0.5897095078125
1 0.3591332734375 0.5619467234375 0.3324586921875 0.553059553125 0.3337289015625 0.547028971875 0.323567171875 0.5333808203125 0.294775565625 0.5159238796875 0.18897369375 0.4825969875 0.0988207390625 0.4645052515625 0.166565715625 0.4819621921875 0.2118701734375 0.49338855312499996 0.26775975625 0.5095759 0.2902002875 0.5187804703125 0.3041726953125 0.526398040625 0.322802571875 0.5371896015625001 0.33000043749999997 0.55559874375 0.34354947343750003 0.5628989234375 0.387583696875 0.58003845625 0.424843403125 0.59749540625 0.437968996875 0.6016215953125 0.4369430078125 0.5968652546875 0.396816421875 0.577181865625 0.3591332734375 0.5619467234375
1 0.27489243750000003 0.5383176890625 0.252617175 0.5304324 0.2123979640625 0.5098027187499999 0.1737256234375 0.47223163125 0.123021034375 0.433037675 0.20717203125 0.51142673125 0.237491146875 0.5271973078125 0.28822924687499996 0.5469131421875 0.3145264359375 0.554566515625 0.329343078125 0.556871309375 0.30521155312500003 0.5496817843749999 0.27489243750000003 0.5383176890625
1 0.001888140625 0.5914498625 0.07080314531250001 0.6070682828125 0.113274003125 0.6070682828125 0.19741448749999999 0.6070682828125 0.224659909375 0.6082697031250001 0.22786526875000002 0.6004604859375 0.20222248281250002 0.59745695 0.1116713671875 0.60166190625 0.0675977859375 0.595054109375 0.002828990625 0.5834515671875 0.001888140625 0.5914498625
0 0.45013041249999997 0.38706838125 0.43564030468750004 0.40039932343749995 0.4013910171875 0.4058304375 0.382290425 0.4058304375 0.3401373859375 0.3949681953125 0.315109028125 0.3836122 0.275590596875 0.3441131140625 0.253855434375 0.31547627500000003 0.2525381484375 0.303626546875 0.237389415625 0.303626546875 0.23475484375 0.322388615625 0.2551727203125 0.3485567609375 0.303253490625 0.3999055828125 0.3355269046875 0.4181739140625 0.3704348890625 0.42854241562500006 0.3948045875 0.43101111562499994 0.429712571875 0.43101111562499994 0.46462052031249995 0.42557998750000003 0.47581743281250005 0.4231113015625 0.48306245 0.42656746874999996 0.48946521093750006 0.396883090625 0.4751588078125 0.38706838125 0.45013041249999997 0.38706838125
0 0.4176109046875 0.2994991515625 0.3662368640625 0.2669124 0.3076178421875 0.24370668125 0.2470228734375 0.22790705312499998 0.1752309921875 0.21408237031250002 0.092900896875 0.20075142812500002 0.07643484218749999 0.19433282031250002 0.0230849453125 0.161252334375 0.0033257125 0.14742765156249998 0.0033257125 0.162733546875 0.071165734375 0.2111199296875 0.10804963125 0.217044796875 0.16798593906249998 0.2264258328125 0.2305568546875 0.24025051406250003 0.2792962859375 0.2521002375 0.3056418953125 0.26394997187499997 0.32408386093749997 0.26888735937499997 0.4037794203125 0.3123363546875 0.470302121875 0.3582540359375 0.49137862343750005 0.376028625 0.5030956484375 0.3555473078125 0.46569167499999997 0.3291234640625 0.4176109046875 0.2994991515625
0 0.4044188046875 0.00842164375 0.3072292171875 0.003979165625 0.33923065625 0.03596494375 0.3795287546875 0.0812780890625 0.45419877656249996 0.139918646875 0.464865921875 0.15324606093749998 0.5022146953125 0.09992656718750001 0.4743478578125 0.0839435765625 0.4044188046875 0.00842164375
1 0.226591296875 0.0738217421875 0.12249973125 0.0654184546875 0.0792616828125 0.06301752656250001 0.051237001562499995 0.06301752656250001 0 0.08462595625 0.002394025 0.0948299359375 0.06564968437499999 0.07622266875 0.14331802656249998 0.0792238484375 0.245808221875 0.08582642812499999 0.2746335890625 0.0876271203125 0.31707090937500004 0.08822735625 0.374721640625 0.077423140625 0.3515259515625 0.059942053125000005 0.27703573125 0.071420796875 0.226591296875 0.0738217421875
0 0.5729156265625 0.1535865390625 0.5977374796875 0.109769459375 0.6041430484375 0.001127059375 0.5480937296875 0 0.5448909468750001 0.051546732812499996 0.53928601875 0.0857600859375 0.5729156265625 0.1535865390625
1 0.593430809375 0.12216897499999999 0.60262655625 0.1323063953125 0.6258864296875 0.1323063953125 0.6453598140625 0.133117384375 0.7178440921875 0.1408218234375 0.73299004375 0.1408218234375 0.7373174765625 0.133117384375 0.6967479359375 0.1298734125 0.6096586187499999 0.12054698906250001 0.5937516328125 0.11678683281249999 0.593430809375 0.12216897499999999
1 0.5674697625 0.20894526875000002 0.57774736875 0.1890759265625 0.5880250046875 0.1825879828125 0.608039303125 0.17731653125 0.6372493796875001 0.17974950781250001 0.66267296875 0.1813715 0.700537909375 0.1890759265625 0.8227874765625 0.24341248124999998 0.876339284375 0.270580765625 0.9266455468749999 0.270986275 0.9244818312499999 0.2628763375 0.8828269453124999 0.263281825 0.840093659375 0.24341248124999998 0.7200078078125001 0.1858319546875 0.67727455 0.17488354374999998 0.61236325 0.1679901015625 0.58802151875 0.1679901015625 0.5655223281249999 0.1835880765625 0.5674697625 0.20894526875000002
1 0.21683931250000002 0.27648304375 0.197819409375 0.28586326562500003 0.14326234375 0.306874959375 0.10021731406250001 0.3166303875 0.052167034375 0.3188816359375 0.003104603125 0.3162551765625 0.000601990625 0.32000726562500004 0.05315698437500001 0.3218833046875 0.09069625 0.3207576859375 0.10721354062499999 0.32038247656249996 0.186296271875 0.2986203625 0.23835075468750003 0.2772334640625 0.289904696875 0.258848234375 0.2814393234375 0.2529663109375 0.26589064375000004 0.2626003234375 0.21683931250000002 0.27648304375
1 0.180289996875 0.27873429843749997 0.1237308296875 0.2427142546875 0.0726773984375 0.21304072187499998 0.0166187421875 0.1800223421875 0.0456491203125 0.2029100796875 0.110717203125 0.2426822140625 0.1647737578125 0.27457496406250004 0.2323444515625 0.317723971875 0.23456606406249997 0.3127513328125 0.2023130515625 0.28999056562500003 0.180289996875 0.27873429843749997
1 0.3796444859375 0.35124327499999997 0.41173322343749996 0.3845498546875 0.437239659375 0.3981192015625 0.4392966234375 0.3934933 0.41420157187499995 0.38146592031250004 0.3891065421875 0.3515516703125 0.3886951578125 0.3435334203125 0.41337878124999994 0.32533815312500003 0.4078896125 0.3231326140625 0.382935625 0.33829071875 0.3796444859375 0.35124327499999997
1 0.33238473125 0.34249912031249996 0.310204334375 0.34049584843749997 0.30298902499999997 0.33969454374999997 0.2762656578125 0.3358883265625 0.22337813281250002 0.3250706671875 0.213762025 0.325267625 0.1768837671875 0.32106075 0.1258404125 0.31505094218749996 0.10419448437500001 0.308039490625 0.132254025 0.31725453593749997 0.17768375625 0.32226271562500003 0.223113471875 0.32847285625 0.2490351515625 0.331878409375 0.2845772140625 0.340692803125 0.3147746453125 0.3446993453125 0.3420324609375 0.3453003234375 0.37113379375 0.34610533593750004 0.37995252343749997 0.34570468593750003 0.380854121875 0.342268403125 0.3575047 0.34249912031249996 0.33238473125 0.34249912031249996
1 0.4357034421875 0.6062419671875 0.41303836718750003 0.5962475656249999 0.3377103171875 0.5907506421875001 0.281047609375 0.58375456875 0.198386734375 0.5927495281249999 0.1910539109375 0.598746159375 0.21905192499999998 0.5942486796875001 0.29238012812499997 0.5892514921875 0.3630418796875 0.5967472875000001 0.41903794687499996 0.6037433609375 0.440812365625 0.6144726687500001 0.4357034421875 0.6062419671875
1 0.9292127828125001 0.5471958140625001 0.9150051843749999 0.518287346875 0.9982211703124999 0.41026098749999995 1 0.3417935734375 0.8967382546874999 0.48785737500000004 0.8764416046875001 0.5122013765625 0.8819311875 0.5423009609375 0.9292127828125001 0.5471958140625001
0 1 0.09835385625000001 0.8906492046875 0.09226786718749999 0.9001935218750001 0.16974934375 1 0.14552030625 1 0.09835385625000001
0 0.78307735 0 0.7911958984374999 0.04513583125 0.7323358921875001 0.13794724687499998 0.8673213203125 0.0875688390625 0.919064403125 0.00101241875 0.78307735 0