0 0.8556210312499999 0.5986740968750001 0.8044216593750001 0.5564263171875 0.7737021390625001 0.4200812375 0.8483741765625 0.306267028125 0.85657496875 0.24372418593749998 0.8429070421875 0.2334712578125 0.8538414015625 0.19656071875 0.8251388093750001 0.1801560375 0.799169875 0.22014244375 0.7950694781250001 0.29908996718749997 0.737664384375 0.390341015625 0.6843596875 0.42725153593750004 0.7171625859375 0.536957809375 0.8195427609375001 0.7955241125 0.8786607578125001 0.6889307 0.8556210312499999 0.5986740968750001
0 0.7104470515625 0.28914491875000004 0.6779688921875 0.28914491875000004 0.633762521875 0.30944774375 0.6346647187500001 0.32975058125 0.6617298125 0.34937664687500003 0.6815775625 0.400810475 0.688794965625 0.4231435875 0.726686071875 0.3960731625 0.7122513875 0.326366775 0.7104470515625 0.28914491875000004
0 0.8579773328125 0.1965260640625 0.8945807484375001 0.1812129640625 0.9114746374999999 0.179100809375 0.9512456828125 0.17197229218750001 0.9998156171874999 0.163787709375 1 0.1331615015625 0.977994334375 0.1437222640625 0.9244970312499999 0.15111479218749999 0.8861338046875 0.1603554546875 0.8377664078124999 0.1806273484375 0.8579773328125 0.1965260640625
0 0.8294954421874999 0.178836790625 0.8291434984375 0.173556409375 0.8259758906249999 0.157187228125 0.8140093734375 0.14583441875 0.7928920265625 0.14715450937500002 0.765439440625 0.1371217921875 0.7404505515625 0.13104935625 0.7200371140625 0.1328974828125 0.7013834390625 0.13236944687500002 0.679914125 0.1437222640625 0.685897371875 0.15164283750000002 0.7126460234375 0.1468904921875 0.741506428125 0.14715450937500002 0.763301140625 0.153226946875 0.7879380625 0.163787709375 0.8058878265624999 0.19414989062500002 0.8294954421874999 0.178836790625
1 0.6945895296875 0.130722078125 0.6650252140624999 0.05551620625 0.6287737296875 0.000358359375 0.612231796875 0.000094340625 0.6420996578125 0.048689295312500006 0.6554739828125 0.0761472671875 0.6716639609375 0.11390198124999999 0.6790475812500001 0.143463915625 0.6945895296875 0.130722078125
1 0.8037503687499999 0.1533383078125 0.8030810625000001 0.1420415078125 0.8084355375 0.126477021875 0.8171365453125 0.108939390625 0.825837553125 0.0991488296875 0.8459168187499999 0.0858437015625 0.8833981 0.05873136718750001 0.8914298 0.059986568750000004 0.9208793796875 0.0720364953125 0.939620009375 0.0763041765625 0.9543447984375 0.0650073734375 0.9382813953125 0.0707812953125 0.9269265437499999 0.06952609374999999 0.8884413140625 0.0539616078125 0.878067028125 0.0539616078125 0.8760590859375 0.05496576875 0.8750551375000001 0.05873136718750001 0.8643461875 0.0672667359375 0.823541778125 0.09488114375 0.8181872796875 0.0941280265625 0.8191912515625001 0.0765761578125 0.8175179953124999 0.039171184375 0.8124981859375 0.018083812499999997 0.81350215625 0.0077911734375 0.8048011484375 0.0055318109375 0.7940921984375 0.0100505359375 0.7659812328125 0.015573409375 0.75261993125 0.0170796546875 0.7399030609375 0.0226025375 0.6970673281249999 0.030635821875000004 0.6632672453125 0.0316399796875 0.624447328125 0.0246108609375 0.6123997875 0.020343174999999998 0.580272959375 0 0.6057067 0.020845253124999998 0.625131290625 0.0263681359375 0.65458088125 0.037413901562500004 0.6723175390625 0.040175342187500004 0.70944875625 0.034652459375 0.7405716124999999 0.0273723015625 0.7462607296875 0.028878537500000002 0.75964690625 0.0256150171875 0.7967935234375 0.0175817328125 0.799470771875 0.019590056249999998 0.803821275 0.026117096875000002 0.8075024734375 0.046200303124999995 0.8068331671875001 0.0778313625 0.808506421875 0.10591741875 0.7974628296875 0.1239923109375 0.7914294875000001 0.15214718124999999 0.8037503687499999 0.1533383078125
1 0.8097505265624999 0.1484189453125 0.8129662859375 0.1429912921875 0.8310549078125 0.12144972031250001 0.8525602796875 0.095366821875 0.8776833515625 0.0638562734375 0.8831686765625 0.058476685937499995 0.8942228343749999 0.0450583171875 0.9243705562500001 0 0.91834099375 0.0002983890625 0.8990673171875001 0.032693984375 0.8735422625 0.0608876359375 0.8439975140625 0.096898759375 0.8329433546875 0.112427884375 0.8196783640625 0.1250924078125 0.8049192968750001 0.14492854375 0.8097505265624999 0.1484189453125
1 0.7696787296875 0.127839525 0.7724925203125 0.1145719234375 0.7835466796875 0.08640935 0.8020372703125 0.036531909375 0.8062579421875 0.0329134734375 0.8008313656249999 0.020399714062499998 0.7988215109375 0.025827370312499997 0.784350615625 0.0669773578125 0.7783210796875 0.0808567453125 0.7686738156249999 0.10482888593749999 0.7624749015625001 0.12470113593750001 0.7696787296875 0.127839525
1 0.6102690625 0.0433195390625 0.5897686171875 0.0359318953125 0.58112628125 0.03186115625 0.5712952 0.027182929687500003 0.5568243046875 0.01617685 0.5439612828125 0 0.5355199234375 0.00019542187499999998 0.544966209375 0.008186134375 0.548382946875 0.013010717187500001 0.55863316875 0.021604503125 0.5725011046875 0.031555203125 0.5950113906250001 0.0427120515625 0.6255610671875 0.05130583749999999 0.643247721875 0.054773509374999994 0.641773653125 0.05174983281249999 0.625342915625 0.0470887421875 0.6102690625 0.0433195390625
1 0.62917879375 0.0418074390625 0.613702971875 0.0371336296875 0.594609421875 0.0262783171875 0.55260361875 0 0.5660696 0.0110748203125 0.593604509375 0.029770075 0.6151098671875 0.043037675 0.6364142484374999 0.050099804687500006 0.6411237234375 0.04908379375 0.6394290171875 0.0467827890625 0.62917879375 0.0418074390625
1 0.5190116078125 0.0636182453125 0.54232583125 0.042661465625 0.5658410296875 0.0278861875 0.5726745296875 0.018689325 0.5620223249999999 0.011452453125000001 0.5489583265625 0.014920121875000001 0.5435317359375 0.023513907812500002 0.5144404671875 0.0444547015625 0.5190116078125 0.0636182453125
1 0.4757999 0 0.47017231875 0.00044637656250000004 0.48122647812499997 0.0209508515625 0.49469245937500006 0.051406023437500004 0.5005134015625 0.048268065625 0.49027079531249995 0.027584646875 0.4757999 0
1 0.4558042390625 0.0710825578125 0.4479658390625 0.063694915625 0.43369592187499995 0.0554026671875 0.4192250265625 0.052839609375 0.39309701406249997 0.0510303890625 0.3454703453125 0.052688839062500006 0.30969506875 0.05238730312499999 0.289616 0.057362653124999996 0.307302653125 0.05615650625 0.329410971875 0.056005739062500004 0.352524215625 0.05660881250000001 0.376642375 0.055704203125 0.40679008281250006 0.056910346875 0.425861665625 0.060227248437500006 0.43912665625 0.0655041359375 0.445960128125 0.07243947187500001 0.45419035 0.08193786875 0.46765634531250005 0.10244234062499999 0.47609769062499996 0.1107345921875 0.4748699125 0.10016297031250002 0.4642455984375 0.08359631875 0.4558042390625 0.0710825578125
1 0.42136995781250003 0.15257545 0.3847324171875 0.0848921359375 0.3429346765625 0 0.3290021015625 0.000918215625 0.36099542812499996 0.05975623906250001 0.398665009375 0.147210403125 0.47297209687499997 0.242063078125 0.5183819953125 0.284643234375 0.5267701328125 0.2729153390625 0.474004171875 0.2195424203125 0.42136995781250003 0.15257545
1 0.3857644578125 0.2405147125 0.33571037812500004 0.21883754375 0.26705979687500003 0.1882572515625 0.1881156484375 0.1557303046875 0.1834714859375 0.16540760937500001 0.2701630875 0.20334265937499998 0.32279730156249997 0.225019828125 0.33569781875000004 0.2343100421875 0.3847198734375 0.2532775734375 0.45025460468749995 0.2749916109375 0.480228796875 0.284668915625 0.49570943125 0.2970558703125 0.5052022468749999 0.28022004218749996 0.4559434203125 0.25599841093750003 0.3857644578125 0.2405147125
1 0.470287946875 0.3642368875 0.43881063906250006 0.3499144765625 0.3799841859375 0.3201083671875 0.2839815734375 0.2872270453125 0.24218383124999998 0.2736788171875 0.128159675 0.18155084375 0.0043208125 0.06239099375 0 0.07168120624999999 0.0280578015625 0.09606802656249999 0.1085571640625 0.17420642343749998 0.19163664375 0.245804153125 0.23704654218750001 0.27986827812500004 0.287584890625 0.2992160046875 0.3500235015625 0.317409340625 0.41293402031250004 0.3456601890625 0.4836289515625 0.378563040625 0.5589681140625 0.4176593640625 0.560075703125 0.411075059375 0.5141497671875 0.3828173140625 0.470287946875 0.3642368875
0 0.45759314062499995 0.516972346875 0.4514009 0.5328431359375 0.45810917812499996 0.5444559109375 0.4699776546875 0.5394237125 0.48029808906250004 0.53090768125 0.558217334375 0.5069079515625 0.5891786390625 0.4995532 0.5767168140625001 0.4810738109375 0.52003175 0.49297263124999996 0.45759314062499995 0.516972346875
1 0.42233439375000004 0.5128632484375 0.3865584890625 0.49593887968750006 0.36270788593750003 0.4853007 0.3411134046875 0.4790145078125 0.329188103125 0.4823993796875 0.307593621875 0.48868557656249995 0.2821314953125 0.4937628890625 0.258925490625 0.5036757281249999 0.236673190625 0.515039240625 0.2237809859375 0.519149440625 0.21153336875 0.5179405609375001 0.2083103015625 0.5259191921874999 0.214756415625 0.5278533999999999 0.23312782968749998 0.526886296875 0.25891228125 0.520116553125 0.26890375624999996 0.5135885765625 0.291465140625 0.50536816875 0.31757188593749996 0.4976313125 0.3407778796875 0.494246440625 0.347868603125 0.4937628890625 0.3907352296875 0.5128632484375 0.42231670625 0.525435640625 0.43875429375 0.5300293921875 0.45164652031249997 0.5336560484375 0.45585417812499995 0.5169734484374999 0.43941659062499994 0.5174570078125 0.42233439375000004 0.5128632484375
1 0.314632721875 0.45834895781249996 0.29140170468750004 0.43461392187500003 0.267138203125 0.4051821859375 0.266966121875 0.412411034375 0.2778072625 0.425319690625 0.292778353125 0.44352089375 0.30620072187499997 0.45591574062499995 0.3242692828125 0.476956853125 0.327882990625 0.4826366578125 0.33717540156250003 0.4810681953125 0.33046422343750004 0.47680833749999996 0.314632721875 0.45834895781249996
1 0.3300321796875 0.4537183015625 0.325730146875 0.4457149328125 0.3186747953125 0.4402932984375 0.295627421875 0.41821811093749994 0.276010125 0.3980806046875 0.2672339640625 0.389560890625 0.24297380937500002 0.3733128765625 0.225593571875 0.3622114328125 0.202183228125 0.3419483359375 0.1765546328125 0.312397084375 0.162616021875 0.292646840625 0.15247743281249998 0.2876342390625 0.1564353140625 0.2943467375 0.1648673140625 0.3035118875 0.1665881234375 0.30944986874999997 0.17140640468749999 0.31551693593749996 0.1924003609375 0.33757753125 0.20599480468750003 0.3539764515625 0.23886239374999998 0.379016946875 0.25693094375 0.3905056515625 0.2736262828125 0.40482956718749996 0.3006430828125 0.4337449578125 0.31767534375 0.45052271718750003 0.3386693 0.4747838125 0.342110921875 0.47968910468750003 0.34960857968750003 0.47556813125 0.33932459062500003 0.46481974375 0.3300321796875 0.4537183015625
1 0.2620697171875 0.49557540937500005 0.26327429062499996 0.47868071875 0.2639626140625 0.43919228749999994 0.2672321609375 0.4138913203125 0.2646509390625 0.3944233234375 0.256391025 0.362805440625 0.25243315625 0.3421515921875 0.2512285828125 0.33297898125000003 0.24623821562499998 0.31890855 0.2470986375 0.313228740625 0.24468949218749997 0.311679696875 0.2383224640625 0.295941953125 0.228513815625 0.2772244015625 0.2200907140625 0.2518014328125 0.21251912499999998 0.22792042031249998 0.19944091875 0.2112656703125 0.1855023140625 0.197195234375 0.16485253125 0.1832538828125 0.1462679203125 0.1740910390625 0.11787446093750001 0.164796803125 0.09034570625 0.1574508828125 0.0631568203125 0.152029246875 0.0428511984375 0.14880208281250001 0.02960091875 0.14828573437499998 0.01222068125 0.1458330921875 0.0000028859375 0.1437677046875 0.0000028859375 0.146607609375 0.01118819375 0.1481566484375 0.02426065 0.15123424375 0.032004325 0.1525251109375 0.04112464375 0.1518796765625 0.05506325468749999 0.154203234375 0.07055059531249999 0.156784965625 0.0936095234375 0.1618193421875 0.11616870625 0.1677573265625 0.12442861875 0.16943545 0.1330327 0.1736953078125 0.1471433921875 0.17808424843749998 0.1595332625 0.18595853125 0.1696860734375 0.1904765609375 0.18137920937500002 0.199761221875 0.1977269609375 0.21563886875 0.205986875 0.227902090625 0.20891979374999997 0.23422747500000002 0.21322183125 0.250621471875 0.220277178125 0.270360896875 0.237657409375 0.30996635625 0.2369690859375 0.31086996093749997 0.2364528484375 0.3157752484375 0.241787378125 0.324424053125 0.249703128125 0.3559080125 0.25710263125 0.38661501249999997 0.2595117765625 0.41307775781249995 0.25675846875 0.439026834375 0.25641430625 0.47336385937500003 0.2531447609375 0.49505040312500004 0.2620697171875 0.49557540937500005
1 0.228513815625 0.4630491359375 0.21354272500000002 0.44923687343749996 0.19048379531249998 0.43917410468750007 0.1493563046875 0.4225219375 0.11268909375 0.4025157703125 0.0918672234375 0.38921985625 0.054005375 0.367678046875 0 0.3311597578125 0.00020685 0.33877586718749997 0.0473571953125 0.3692402921875 0.08075600468750001 0.3890942171875 0.10192231562500001 0.4027714578125 0.1227476109375 0.4169614078125 0.1353095671875 0.42147943750000005 0.1356537296875 0.4253520328125 0.1446019671875 0.42741741875 0.1877816390625 0.4454956640625 0.203608371875 0.45441608125000005 0.21634241406250002 0.464097575 0.23096934375 0.47971705 0.250586640625 0.5046382171875 0.2639626140625 0.5000934390625 0.2483032109375 0.48408670468750004 0.228513815625 0.4630491359375
0 0 0.6907562171875 0.0861844765625 0.6627309859375 0.1550663015625 0.63996046875 0.20526825468749998 0.6329541828125 0.27415004062500004 0.6312025828125 0.3500368125 0.6312025828125 0.4446033375 0.6706130578125 0.5391698609375 0.7179056328125 0.6057166781250001 0.74680665 0.65632481875 0.7041440015625 0.6337363859375 0.686377259375 0.5776969703125 0.6688614859374999 0.46328316875000003 0.6180657671875001 0.38039148906250003 0.590916321875 0.2706476265625 0.579531078125 0.1597362390625 0.5874131796875 0.111869215625 0.5987984234375 0.082682021875 0.618941553125 0 0.6452152124999999 0 0.6907562171875
0 0.7193346203125001 0.7046405140625 0.7233687625 0.6769724453125 0.70031655625 0.6212039640625 0.6634329953125 0.5252378531249999 0.6484490734375 0.4902204421875 0.620786440625 0.44749012343750005 0.6006157703125 0.381778440625 0.5735294609375 0.30144084375 0.544714184375 0.23315916250000002 0.5297302625 0.17609372968749998 0.51647526875 0.1622596875 0.49111785 0.1622596875 0.5450073234375 0.32649319375 0.56835709375 0.46129965312500004 0.6220615406250001 0.5874131796875 0.6499041734375 0.69066065 0.7193346203125001 0.7046405140625
1 0.601088559375 0.85663386875 0.5953514765625 0.8465782703125001 0.5784589640625 0.8181263203125001 0.5657098953124999 0.79636895 0.5526421109374999 0.785904921875 0.5370245 0.752671134375 0.502602021875 0.7292401171875 0.488273653125 0.71851448125 0.46596278281250003 0.7010607656250001 0.44811409218750003 0.6914970859375 0.43122106406249994 0.6824115890625 0.41273493281249996 0.672369728125 0.41018510625 0.6848025109375 0.44046414062499994 0.7041689640625 0.47265552812499995 0.72233995625 0.49082294375 0.7328600046875 0.5096278109375 0.7476837046875 0.5242892328125001 0.763941959375 0.5354446640625 0.780182403125 0.537675753125 0.792376090625 0.5501060859375 0.8062434250000001 0.5542495515625 0.8074388890625 0.561580253125 0.8133939359375001 0.5800663828125 0.8535613906249999 0.5851660375 0.8683850984375001 0.594727828125 0.8832088046875001 0.6007836265625001 0.921235946875 0.6167061484375 0.9223841703125 0.6096941640625 0.8748048578125 0.601088559375 0.85663386875
1 0.5935082828125 0.8003565375000001 0.580158421875 0.7937341375 0.5524005015625 0.7785600546875 0.552831140625 0.7851824515625 0.567688246875 0.7918048546875001 0.5846985484375 0.802626828125 0.5920194296875 0.812479671875 0.6008475703125 0.8187790265625001 0.6077378140625 0.8294334890625 0.6133361390625 0.8392863328125 0.61979575625 0.8383171984375 0.617408834375 0.8271631984375001 0.596738084375 0.805842296875 0.5935082828125 0.8003565375000001
1 0.8555768968749999 0.6250388640625 0.87530790625 0.6306393 0.8806405921874999 0.6426402437500001 0.8891729249999999 0.6546411875 0.9137033515624999 0.6618417437499999 0.9414333890625001 0.660641653125 0.9728963234375 0.6594415625 0.9968935 0.6658420578124999 1 0.6538411140625 0.9803621203124999 0.6474406187499999 0.9595645921875 0.6394399890625 0.9424999250000001 0.6430402734375 0.9126368140625001 0.645040425 0.8998383328124999 0.6270390156250001 0.87904076875 0.6138379796875 0.8571767031249999 0.6098376796875 0.8555768968749999 0.6250388640625
1 0.9067360890625 0.63066445 0.9021800593749999 0.5974563078124999 0.89610535625 0.5562860796875 0.89610535625 0.5471722265625 0.8981302687499999 0.544893765625 0.9004082671875 0.535969790625 0.8963584765625001 0.5390077375 0.885980846875 0.4909950078125 0.8768688015625001 0.439181253125 0.8740845625 0.42099628750000007 0.8687691875000001 0.4031483296875 0.85712600625 0.37295870937500003 0.8457359453125 0.3450671125 0.8416861390625 0.32683941875 0.84295170625 0.31354838906250004 0.835358325 0.32000403125 0.8358645484375 0.33804185625 0.8485201859375 0.3720058984375 0.8621882609375 0.404094240625 0.8667442921875 0.42345067500000005 0.8697816515625 0.4401593984375 0.8738314421875 0.46408324843750004 0.8791468171875 0.4944326171875 0.8849684 0.529747159375 0.8847152953125 0.5394306249999999 0.8847152953125 0.5493039578125 0.8804123687500001 0.5494938281249999 0.8862339671875 0.5553798578125 0.8874995359375 0.563544346875 0.891573196875 0.5862666734374999 0.897394778125 0.6213929671875 0.9067360890625 0.63066445
1 0.8152185062499999 0.3602101796875 0.8284944609375 0.3661180171875 0.8350199343750001 0.36848115625 0.840195315625 0.3664556078125 0.8494209749999999 0.36729958749999997 0.85999674375 0.3651178828125 0.8692224046874999 0.3666370421875 0.9013997249999999 0.3595476359375 0.9272765968750001 0.3526270296875 0.9405525375 0.35043269062500004 0.9520283671875 0.339629784375 0.961254028125 0.337604240625 0.9554036078125 0.3354099015625 0.9808304484375 0.30519552656250004 0.9574287703125 0.329670859375 0.9416776375 0.3441872578125 0.932676984375 0.34604400625 0.9149007031249999 0.351445459375 0.8941992125 0.35601507187500003 0.8741727609375 0.3588845890625 0.86179686875 0.36124772968749996 0.8467207890624999 0.36091013437499997 0.8361450203125 0.3598973640625 0.8284944609375 0.3582094109375 0.8184986437499999 0.35530516562500003 0.8152185062499999 0.3602101796875
1 0.9904267687500001 0.400507775 0.9983999640624999 0.38540303124999997 1 0.3776076328125 0.9956971843750001 0.38095298125 0.9901564921875 0.391901384375 0.9886699640625001 0.39686871875 0.9827238515625 0.4012278078125 0.9752912109375 0.42322226875 0.9812373234375 0.4221004640625 0.98704829375 0.41074656249999997 0.9904267687500001 0.400507775
1 0.9747911578125 0.3920513375 0.9616826812499999 0.3836372828125 0.9439794875 0.368329790625 0.9397901796875001 0.366910553125 0.925735734375 0.3551511546875 0.915862425 0.346440459375 0.90599728125 0.334883809375 0.9026188093749999 0.3306260953125 0.8970953609375 0.32486678593749996 0.8876356328125 0.31118127812499996 0.8812856078125 0.30369094375 0.870744771875 0.294364521875 0.8625012953125 0.27773905625 0.8606093515625 0.26060682812499997 0.8577714343749999 0.2627356828125 0.8577714343749999 0.2710483640625 0.8646635171874999 0.288180590625 0.8693933828124999 0.29669706875 0.8757449062499999 0.3016644 0.8787179625 0.3037932578125 0.8830424125 0.3108894453125 0.8976374171874999 0.32972985 0.9012861609374999 0.33429168593749997 0.9085836671875 0.3435024875 0.9057457453125 0.343198365625 0.9079079703125 0.345124475 0.913313528125 0.34816569999999997 0.9225029749999999 0.35607103906250004 0.934935753125 0.3678304375 0.9415575625000001 0.372189525 0.947773953125 0.3776790953125 0.96466630625 0.3904522390625 0.9768354828125 0.397954971875 0.9839978546875001 0.4000838296875 0.9872239374999999 0.3968159203125 0.9816832453125001 0.39590355312500003 0.9747911578125 0.3920513375