0 0.20446361249999997 0.5390254421875 0.10588659687499999 0.4482128890625 0.0021212124999999997 0.306804796875 0.0038506890625 0.3911307375 0.1629574828125 0.5597825765625 0.1767929359375 0.6051888859375001 0.23213440468750002 0.703785328125 0.2961230171875 0.794597903125 0.3341703125 0.8062738109375 0.3292813765625 0.7291982406249999 0.2701817 0.6804335578125 0.20446361249999997 0.5390254421875
0 0.3878170484375 0.6254729578125 0.40916169375000006 0.57828088125 0.40129788125 0.4931666 0.3878170484375 0.368531221875 0.3956808609375 0.3061702515625 0.40691490156250004 0.2631917546875 0.36422568437499997 0.222741403125 0.336140659375 0.256450028125 0.3316470734375 0.3837001 0.3383874515625 0.4848259875 0.3507448515625 0.5581422296875 0.3237832609375 0.6112333265625 0.3226599015625 0.724993071875 0.4017115484375 0.780419865625 0.3833234625 0.6844630484375 0.3878170484375 0.6254729578125
0 0.43522588124999995 0 0.42373385781249995 0.046672632812499996 0.4303007515625 0.1020913984375 0.4303007515625 0.17783038125 0.4327632890625 0.2030766953125 0.4270173328125 0.29972928906249996 0.42291303124999996 0.407447828125 0.42209214843750004 0.47522273281249994 0.40321246093749996 0.503547878125 0.41060018125 0.5712593203125 0.44701408125000003 0.55128494375 0.462314171875 0.507713290625 0.472164484375 0.48369848125 0.472164484375 0.42335361562499996 0.47380619375000005 0.2453973359375 0.47626873124999997 0.16965835468749998 0.4680601828125 0.1205417171875 0.4836564515625 0.0768224640625 0.4647767640625 0.015884428125 0.47708961250000004 0 0.43522588124999995 0
0 0.29842473593749996 0.2941664453125 0.2640158 0.22280448281249998 0.24512463593749997 0.1939746125 0.189125759375 0.153991671875 0.1729333265625 0.13577159218749998 0.1398738 0.08720330312499999 0.121657296875 0.056836517187500005 0.106139546875 0.012298178125 0.104115475 0 0.06768249062500001 0.0001514640625 0.07442934062499999 0.0310243703125 0.1020914265625 0.0861907125 0.1358256578125 0.1428753890625 0.1682105234375 0.1793155484375 0.2167878671875 0.20957782656249999 0.23432966562500002 0.23336514375 0.259292996875 0.2880253734375 0.270762628125 0.34971000625 0.3119183921875 0.41702306250000004 0.33013489687500003 0.43271257500000004 0.32878553125 0.3741323359375 0.3071956359375 0.341234975 0.29842473593749996 0.2941664453125
0 0.31920390468750004 0.145529490625 0.2996380359375 0.08125312031250001 0.263205028125 0.020013421875 0.2490366671875 0.0017881078125000002 0.22069989843750001 0 0.2686025359375 0.0984557265625 0.311107665625 0.2067978921875 0.33674570312499996 0.24020136406249998 0.35628162812499997 0.22380996562500002 0.34754062812500003 0.196646921875 0.31920390468750004 0.145529490625
1 0.27696961249999996 0.0019145874999999999 0.25605437656249996 0.0024206984375 0.26549998124999996 0.054550362500000005 0.27157215 0.07732545468749999 0.2909776328125 0.069084021875 0.2776443171875 0.0074818328125 0.27696961249999996 0.0019145874999999999
0 0.5932320062499999 0.44464791562499995 0.5885092046875 0.41428112187500005 0.5783889390625 0.40972610937500004 0.569618040625 0.415799465625 0.538582540625 0.3570903328125 0.5257634984374999 0.31868708125 0.529811640625 0.27263078281249997 0.5257634984374999 0.21742111249999999 0.54532936875 0.17895651562499998 0.566919309375 0.070184584375 0.5817623765625 0.05955620625 0.566919309375 0.0448736734375 0.5520762421875001 0.05803261093749999 0.5190166703125 0.176969228125 0.507547040625 0.21788895468749997 0.50552296875 0.28267145312499997 0.504848309375 0.332715115625 0.5419559765625 0.42381548750000003 0.5554496328125 0.44507224531249995 0.5547749734375 0.5067566953125 0.559497775 0.56546581875 0.5885092046875 0.5494133546875 0.5871598390625 0.49070421406250003 0.5932320062499999 0.44464791562499995
0 0.6107738046875 0.58316571875 0.6235928015625001 0.5639334078125 0.6526042750000001 0.5042495953125 0.6755435359375 0.47236445937499993 0.690386603125 0.45718105781249996 0.7011815734375 0.4323815171875 0.7268196109375 0.3874275078125 0.7592044765625 0.34035896875 0.78754124375 0.31505331718749996 0.8320704453125 0.26697255625 0.830046375 0.244703575 0.8125045765625 0.2593808640625 0.75987918125 0.3043444421875 0.7092778125 0.36052300625 0.705904375 0.3782039390625 0.6924106734375 0.3817467375 0.6917360140625 0.39642401875 0.6654232703125 0.43337028125000004 0.65192956875 0.46525541875 0.59746115625 0.5475879156250001 0.6107738046875 0.58316571875
1 0.571459709375 0.40984297812500003 0.5867591859375 0.4103493078125 0.5964338437500001 0.3981973359375 0.608133440625 0.385191725 0.6202830125000001 0.3662886609375 0.6340075484375001 0.35231811875 0.6470570859375 0.33645305 0.6448071718749999 0.3330775015625 0.637382428125 0.32143186562500004 0.6207330109375 0.3102925609375 0.6128582703125 0.3038790234375 0.595533878125 0.2942587125 0.6169081328125 0.313475678125 0.6342325328125 0.32258965625 0.635357496875 0.327652975 0.638732378125 0.3357542890625 0.6299576859375 0.3463872640625 0.6166831484374999 0.3566826796875 0.6068725484375 0.37226146718750003 0.592848134375 0.3916583921875 0.5732058328125 0.40966553906250003 0.571459709375 0.40984297812500003
1 0.5997874953125 0.4320098484375 0.6081122203125 0.428971853125 0.61463698125 0.42340220000000006 0.6238616718750001 0.4158072203125 0.6326363625 0.413613115625 0.6402860890625 0.412431671875 0.6497357640625 0.408887353125 0.6634602984375 0.400617259375 0.6751598875 0.38930917656249997 0.68775944375 0.37445676875 0.69990903125 0.36703056875 0.7140835484375 0.3526844921875 0.6992340484375 0.3650052375 0.685509528125 0.3731065515625 0.6666101796875 0.392697609375 0.652210678125 0.40265547343749997 0.6393861234375 0.4102504578125 0.6326363625 0.41058801093749997 0.625886603125 0.41210700312500004 0.61733689375 0.4154825515625 0.6141869984375 0.419026875 0.6038373578125 0.42527163593750006 0.5939377015625 0.42965985 0.5997874953125 0.4320098484375
1 0.6473999218750001 0.33536014999999997 0.650864571875 0.32698560625 0.6610660203125 0.30417064374999997 0.662413384375 0.29637365312499997 0.67453965625 0.2864108359375 0.6806990234375 0.2650413109375 0.6693426828125 0.28713278125 0.6589487359375 0.29550732343749997 0.6487472875 0.280346509375 0.637390934375 0.26244231406249996 0.6327714062500001 0.26229792500000004 0.642395434375 0.27513369062500004 0.6547141671875 0.2917383890625 0.6576013828125 0.29939099062499996 0.6547141671875 0.3055997015625 0.6445127187499999 0.3297126125 0.6473999218750001 0.33536014999999997
1 0.6602233734375 0.30847491250000003 0.671601246875 0.3026598 0.6794782328125 0.2977834125 0.688730575 0.294688271875 0.7021089515625001 0.286903521875 0.708860653125 0.2839021734375 0.7244896093750001 0.279024984375 0.7336169078125 0.273866415625 0.7438695 0.27255332656250003 0.753121834375 0.27048989843750004 0.7348726343750001 0.2732098703125 0.7254952734375 0.2776181 0.716367965625 0.28014881875 0.7027395265624999 0.28446325625 0.6983634140625 0.287558396875 0.6926119609375 0.2914976671875 0.6869855453125 0.29356109375 0.6838597531249999 0.294967975 0.6769830156250001 0.2978755328125 0.6704813765625001 0.3007830890625 0.66798074375 0.3030341 0.6612258093750001 0.3064488734375 0.6602233734375 0.30847491250000003
1 0.6465568875 0.336722878125 0.653020240625 0.33508356875 0.65862605 0.33486974531249997 0.664706928125 0.33308788749999996 0.6670822703125 0.3329453390625 0.6691725734375 0.3320187734375 0.679149015625 0.329381621875 0.6991018953125 0.32596045625 0.7060378984375 0.3264593765625 0.7346370359375001 0.3279561375 0.7186703046875 0.32660192499999996 0.7003326515625 0.3253902609375 0.688550953125 0.3266732 0.6709734125 0.330735834375 0.666507765625 0.33187622499999997 0.6589066703124999 0.3330166140625 0.653110828125 0.3334442609375 0.6482635578125 0.3352398765625 0.6465568875 0.336722878125
1 0.6654514640625 0.333443709375 0.6701692218749999 0.334889759375 0.68071694375 0.3380443140625 0.6861452671875 0.33937620156250004 0.69334873125 0.34009922656249997 0.6980664890625 0.340822253125 0.7032408078125 0.3423824625 0.708618040625 0.34321965 0.7198290609375 0.3455028875 0.7217567484375 0.3456551015625 0.711711334375 0.343065953125 0.7057283437499999 0.342152659375 0.7012642265625 0.3408968796875 0.6987785203125 0.33952693749999996 0.6919806671875001 0.3387278046875 0.6877194640625001 0.3387278046875 0.6822407734375 0.33716759375 0.6769649984375 0.33598792187500004 0.6711819375 0.33408522343749997 0.668283746875 0.3331956265625 0.6654514640625 0.333443709375
0 0.4116138703125 0.26092000625 0.4213610109375 0.21895671249999998 0.4281416 0.17225151875 0.42263235625 0.0540329640625 0.4315319234375 0.000625153125 0.37177779218749996 0 0.372625365625 0.0638764265625 0.3760156609375 0.09185194218750001 0.3734729390625 0.12838422968750002 0.3722015640625 0.1728907328125 0.3722015640625 0.2158077234375 0.4116138703125 0.26092000625
1 0.21804862812499998 0.282728521875 0.2110261671875 0.27219275625 0.1860964296875 0.249277478125 0.15344200937500002 0.23558098749999998 0.1099027515625 0.2055562171875 0.089537621875 0.19897136875000002 0.0716303453125 0.19686421406250001 0.014755250000000001 0.1660471140625 0.0000080953125 0.1581452921875 0.0056260578125 0.16631050625 0.0302046609375 0.18290433125 0.0653169703125 0.20292228125 0.0754995171875 0.2066098 0.09340679375 0.20845355156249998 0.12816796875 0.22715453437500002 0.14607524375 0.2424313875 0.1587156796875 0.2466456875 0.1776763109375 0.255337690625 0.19663694062499998 0.2721949125 0.20646840156250001 0.2851012171875 0.21629983749999998 0.2935298359375 0.26159469375 0.30719926875 0.2576378359375 0.297508875 0.23384915 0.287469609375 0.21804862812499998 0.282728521875
0 0.2433554328125 0.3277937203125 0.20982726562499998 0.3106841484375 0.1772114265625 0.3011027859375 0.1455274046875 0.292060334375 0.1313862765625 0.2912048578125 0.1115430734375 0.28572979374999996 0.0975742546875 0.27323980468750003 0.08206461875 0.257309953125 0.056747429687499996 0.2511505078125 0.0229860046875 0.2407136671875 0.000174821875 0.2285706265625 0 0.24088951718749999 0.0252639296875 0.24995759374999998 0.041229721875 0.25491937187499997 0.064722246875 0.26415854375 0.0765825453125 0.26604059687500003 0.082968875 0.27048908437499997 0.0863901140625 0.279043875 0.09026751718750001 0.2857166109375 0.0991627421875 0.2905072890625 0.121971028125 0.30128326875 0.1292696703125 0.30196765625 0.1479724640625 0.3065872390625 0.15800810625 0.3069294296875 0.19107755937499998 0.3170240828125 0.22345671562499997 0.331912709375 0.252886465625 0.346292928125 0.2729577515625 0.3514258015625 0.26645025312500004 0.33644011093750004 0.2529349109375 0.3325844046875 0.2433554328125 0.3277937203125
1 0.0668799328125 0.2788292578125 0.053651125 0.28242226875 0.039966168749999996 0.284988703125 0.019210628125 0.289437190625 0.001648253125 0.29200363125 0.00210441875 0.296965403125 0.0171578828125 0.293885684375 0.0401942421875 0.2897793875 0.0561600359375 0.28533089375 0.0657395140625 0.28396213124999997 0.08444230781249999 0.284988703125 0.0912847859375 0.28584418437500003 0.0873291140625 0.27811284999999997 0.0739505 0.2772893953125 0.0668799328125 0.2788292578125
1 0.0669453296875 0.2610486546875 0.047330215625 0.26532605 0.0277150953125 0.2692612515625 0.0083280625 0.27781603593750004 0.00126673125 0.281237953125 0.0008105671875 0.28568644062500004 0.007881134375 0.28055357187499996 0.0176886875 0.2769605609375 0.0352510625 0.2714854953125 0.0523572734375 0.26857686875 0.0671826625 0.265668240625 0.07904296250000001 0.2649838578125 0.0877101125 0.2661815265625 0.09774575625000001 0.266352625 0.09410260312499999 0.26362511093749996 0.0815426296875 0.2610486546875 0.0669453296875 0.2610486546875
1 0.1567140265625 0.29324663906250004 0.1539770421875 0.2896536265625 0.1407651875 0.2814410328125 0.1229747234375 0.2735706296875 0.1029034375 0.26262050000000003 0.078498584375 0.251670371875 0.078498584375 0.2444922171875 0.075533509375 0.22840922031250002 0.062760865625 0.218998953125 0.062304701562499995 0.21420827031249998 0.0360751765625 0.1989807515625 0.0020908453125 0.1750273453125 0.00163468125 0.1774226859375 0.03791045625 0.2020604734375 0.055929003125 0.2147215609375 0.056157078125 0.21897979687500002 0.063683809375 0.22308609375000002 0.0709824671875 0.23010102031250002 0.075316034375 0.2391690953125 0.0732632875 0.2449863515625 0.0732632875 0.2525145640625 0.099948978125 0.2656794828125 0.11705518906250001 0.27628741875 0.13575798125 0.284157821875 0.15130095 0.29372950468750003 0.1567140265625 0.29324663906250004
1 0.20206491249999997 0.30240064218749996 0.19865726875 0.2981773 0.1925827859375 0.296399053125 0.186211975 0.295287646875 0.1745074765625 0.2910643046875 0.16532166406249998 0.2873966671875 0.16265482343749998 0.2910643046875 0.159099028125 0.29339825625 0.147246365625 0.29628791250000003 0.1442832 0.2978438796875 0.14132003437500001 0.2948430828125 0.13672713281249999 0.2899528984375 0.13850503125 0.282284203125 0.1481353171875 0.2727261171875 0.15272821718750001 0.26051726249999996 0.15717297187499998 0.25440453281250003 0.1625066609375 0.248069525 0.15391349062499998 0.25540479843749997 0.14872794843749998 0.2669634171875 0.1442832 0.27485439375 0.13672253125 0.2802878375 0.132425940625 0.289623640625 0.14250069999999998 0.3004042734375 0.146204659375 0.299737428125 0.1536125671875 0.2984037421875 0.1638354890625 0.29729233593750004 0.1662060234375 0.2931801375 0.1667986546875 0.2910684671875 0.1697618203125 0.2929578578125 0.1737620859375 0.2936246984375 0.1817626359375 0.2982926015625 0.1899113375 0.29962628750000003 0.19613398437500001 0.300070853125 0.199986096875 0.30529445625 0.206801375 0.313852278125 0.21332493437500002 0.3145149578125 0.20888019062500002 0.3090690734375 0.20206491249999997 0.30240064218749996
1 0.832007953125 0.246117375 0.8340916109375 0.2214209265625 0.839925921875 0.2070696859375 0.841592859375 0.19050119062499998 0.8490941078124999 0.1842489234375 0.8532614531249999 0.1677036015625 0.8674304796874999 0.134253975 0.868680696875 0.11924854062500001 0.8495108281249999 0.074544840625 0.843676546875 0.048910550000000004 0.8470104218750001 0.034217728125 0.8624296390625 0.0010807203125 0.8428430765625 0 0.8361752984375 0.0182744515625 0.8270071124999999 0.0479727125 0.82617364375 0.058914181249999996 0.8407593906249999 0.09733941874999999 0.8495108281249999 0.129225971875 0.8428430765625 0.1501710609375 0.82617364375 0.180754546875 0.81533851875 0.2135789421875 0.8076973546874999 0.255126265625 0.832007953125 0.246117375
1 0.8357585500000001 0.26459678593749997 0.8428430765625 0.2608454265625 0.8807660109375 0.23364806875 0.8986856624999999 0.2183530828125 0.9224395968750001 0.2017845765625 0.9220228484374999 0.1949070953125 0.9132714109375 0.20147197499999997 0.9111877234374999 0.1927187984375 0.90660363125 0.19584493125 0.90660363125 0.169898034375 0.9078538484375 0.11519070625000001 0.9120211921875001 0.10395401875000002 0.915355096875 0.086135053125 0.9186889718750001 0.07863233593749999 0.9349416578125 0.0579998578125 0.9624462156250001 0.019235812499999998 0.9732813390624999 0.0007916296874999999 0.9578621234375 0 0.952861309375 0.0032925359374999996 0.9366085953125 0.0258006921875 0.911604471875 0.06270412187499999 0.9091040375 0.06301673437500001 0.9007693203124999 0.06770593281250001 0.8957685078125 0.07739694375 0.8903509453125 0.108970884375 0.8886840078124999 0.14955197343749999 0.8886840078124999 0.184877271875 0.885350103125 0.20797855312500002 0.8790990734375 0.213918209375 0.86201291875 0.22986148593750003 0.8365747078125001 0.2472537484375 0.8357585500000001 0.26459678593749997
1 0.47359055312500004 0.13412590625 0.5068909140625 0.1083526890625 0.544419915625 0.062001617187500004 0.5713773671875 0.02314355 0.5856489296875 0.0005424234375 0.5645058656249999 0 0.5539343140625 0.024318375 0.5306769109375 0.0572254015625 0.48997645468749995 0.1067892796875 0.46865833593749995 0.12214559218750001 0.47359055312500004 0.13412590625
1 0.5856489296875 0.057995796875000005 0.6300494343749999 0.03579118125 0.6633498296875 0.015172604687499999 0.6755070890625 0.0005016984375000001 0.6601783390625 0.001294721875 0.634278075 0.01874120625 0.5993919703125 0.030240023437500003 0.5692381359375001 0.040135265625 0.5856489296875 0.057995796875000005
1 0.5729630765625 0.04808301875 0.6184207328125 0.00169123125 0.602563425 0 0.569819521875 0.0396992265625 0.5729630765625 0.04808301875
1 0.232737796875 0.163526209375 0.2015517046875 0.16035411718749998 0.160322690625 0.1468727453125 0.1264937359375 0.12625416875 0.104822059375 0.11515186718749999 0.054078646875000004 0.0758972765625 0 0.0068777625 0.037725287499999996 0.0719055703125 0.003367775 0.067147440625 0.036139578125 0.0786462515625 0.0556969328125 0.08578345468750001 0.131812053125 0.1424845296875 0.17832685937499998 0.16112053125 0.2116272546875 0.1714152796875 0.2565563171875 0.17577689999999999 0.29144242187499997 0.18568967187500002 0.28879952656249996 0.17656992031250002 0.2895914109375 0.1744703421875 0.2591666546875 0.165508759375 0.232737796875 0.163526209375
1 0.11713969531249999 0.1991313671875 0.11212200624999999 0.1884039140625 0.09581445625 0.1490714484375 0.08201576875 0.1084200484375 0.0757436390625 0.1007038109375 0.0754927546875 0.10747904531250001 0.094560025 0.160338946875 0.11011491250000001 0.1987319375 0.10961314375 0.21096499999999999 0.1136273125 0.21623462343750002 0.11713969531249999 0.1991313671875
1 0.079506915625 0.17598265156249998 0.0476444953125 0.1358958484375 0.026819912499999998 0.10373986093750001 0.0022331671875 0.077203528125 0.024561953125 0.10919768437499999 0.0466398453125 0.14288565312499998 0.0694704078125 0.171476428125 0.0800075890625 0.187097109375 0.0815128953125 0.1934959421875 0.09136863281249999 0.1968682734375 0.087033475 0.1806876734375 0.079506915625 0.17598265156249998