0 0.6836392734375 0.44080119375000004 0.666530440625 0.41656373750000003 0.6389663140625 0.4308210734375 0.6294614234375 0.4792960125 0.5648281359375 0.5747488765625001 0.540115434375 0.62037235 0.5030463453125 0.692371915625 0.478605796875 0.7772350234375 0.5011453953125 0.799070234375 0.5648281359375 0.6379623453125001 0.6418177375 0.5106621625 0.6836392734375 0.44080119375000004
0 0.3661759015625 0.6458038687500001 0.3386117390625 0.6450910125 0.3652254265625 0.681447209375 0.43746258281249994 0.7876643765625 0.44696747343750004 0.81831764375 0.46241292187500005 0.7808921359375 0.41560137812500003 0.7049718359375 0.3661759015625 0.6458038687500001
1 0.4397469671875 0 0.44508937031249995 0.046228531249999996 0.4270587375 0.243350865625 0.45510638593749997 0.3352069078125 0.4758082078125 0.44839917500000004 0.5245577031249999 0.54129446875 0.5425883109375 0.6086589 0.551102784375 0.5836163625 0.5319035046875 0.5265193859374999 0.49918124375 0.441875596875 0.4758082078125 0.3379866265625 0.46712682499999997 0.2924092046875 0.45176738125 0.24808390937499997 0.44508937031249995 0.23155583750000003 0.4611166046875 0.08130060624999999 0.4804828453125 0 0.4397469671875 0
1 0.5891504484375 0.5998700968749999 0.6113932578125 0.5892390359374999 0.6898488515625 0.5579824703125 0.7063311203125 0.5498237484375 0.7373177906249999 0.547845878125 0.8187484390625 0.5335063078125 0.8810514062499999 0.5176833265624999 0.9601662937500001 0.4959267328125 0.9990644578125 0.49963524374999996 0.9585180671875 0.4927126890625 0.8920862796875 0.5102663046875 0.8234953359375 0.5293280484375 0.7285574593749999 0.5461399625000001 0.71178675625 0.5466344328125 0.703545621875 0.5449037921875 0.648824496875 0.5698744296875 0.59220789375 0.5924963421875 0.5891504484375 0.5998700968749999
1 0.60117425625 0.5814387984375 0.6963016625 0.5268000828125 0.70553173125 0.5263056125000001 0.732233 0.5218554015625 0.763549309375 0.517652421875 0.7905802453125 0.50899923125 0.8228854765625 0.50405455 0.8785955484375 0.497132 0.883540228125 0.49218731875 0.8690358281250001 0.49268178437500004 0.805570853125 0.501582209375 0.7735952625 0.5094936999999999 0.716063915625 0.5181468921875 0.7009002078125001 0.5159217859375 0.6827697125000001 0.5259471234374999 0.6498051765625 0.54597308125 0.6099180921875 0.566493503125 0.60117425625 0.5814387984375
1 0.47345314531250005 0.48236254062499995 0.45664123749999996 0.47049530468749995 0.361538553125 0.4117833984375 0.29132409375 0.373709359375 0.2761603984375 0.338892628125 0.25110735625 0.3010658234375 0.28703869375 0.36880795 0.2893462140625 0.37745495625 0.33154083125 0.3982226125 0.389558409375 0.4313519765625 0.453509615625 0.475075315625 0.46966224375000004 0.48447020625 0.5042750078125 0.55098234375 0.532797553125 0.6184834109375 0.5387311796875001 0.6125497906249999 0.538904253125 0.6118080906250001 0.5377339921875001 0.6125250671875 0.5133402546875 0.5568974125 0.47345314531250005 0.48236254062499995
1 0.3439849484375 0.5844612359375 0.3169540125 0.5123863421875 0.314316865625 0.5015080421875 0.302449625 0.49285484999999996 0.2225106109375 0.40222503906249996 0.1743823921875 0.3423820453125 0.1654819640625 0.2840348109375 0.1315449765625 0.17946099843750002 0.11901845468750001 0.1376908078125 0.11275518749999999 0 0.10517334687499999 0.002694853125 0.10879945312499999 0.0805735703125 0.1101180265625 0.1337412484375 0.023874565625 0 0.0663988109375 0.0730638390625 0.1049673328125 0.14508310468750002 0.12342746874999999 0.185382259375 0.14287655 0.2520180015625 0.163314553125 0.3282835234375 0.1491397921875 0.328036284375 0.0383789546875 0.2694418234375 0.00048621875 0.240941925 0.0024640859375 0.262451278125 0.0400436640625 0.2859385109375 0.1380884375 0.34107170625 0.1581967984375 0.3546695765625 0.1842387875 0.3827553578125 0.23500417968749998 0.44184429375 0.29335140000000004 0.5110327359375 0.3236787890625 0.5863093078125 0.34147961875 0.640948034375 0.3659887609375 0.6425612328125 0.3584893234375 0.6304467703125 0.3439849484375 0.5844612359375
1 0 0.5176709671874999 0.012485315625 0.5218739421875 0.08830375 0.55426160625 0.15983678437499999 0.5821990484375 0.22738112031250002 0.6087643453125 0.26759787031250004 0.6275541265625 0.32226955 0.65252476875 0.3522672734375 0.6677111124999999 0.331771571875 0.64465654375 0.26089781875 0.614741221875 0.2104620796875 0.5895233578125 0.1633310359375 0.5737003765625001 0.13728904687500001 0.56430548125 0 0.5043203265625 0 0.5176709671874999
1 0.5030204390625 0.803585215625 0.6094954296874999 0.74433155 0.68191655625 0.742288325 0.7477539578125 0.739223475 0.8285750578125001 0.72458033125 0.9420878187499999 0.704148034375 0.9965739093750001 0.6939318859375 0.9965739093750001 0.6854184296875 0.8705520765625 0.70789395625 0.7642814234374999 0.7266235625 0.63714713125 0.7337748671875 0.618076965625 0.7310505578125001 0.6089959453125 0.730710025 0.5554179421875001 0.7565909359375 0.5080831078125 0.7880055859375 0.5030204390625 0.803585215625
1 0.3471220265625 0.8965521640624999 0.31170603125 0.8771414859375 0.28582513593750003 0.870671253125 0.1871144390625 0.8393587625000001 0.1330823578125 0.8322074640625001 0.11310410468750001 0.8240345390625 0.0032237484375 0.8080292375000001 0.12490942499999999 0.8301642265625 0.1271796796875 0.835612846875 0.0018615984374999999 0.8291426140624999 0.0018615984374999999 0.833569609375 0.1230932484375 0.8379966046874999 0.11855273749999999 0.8414019875 0.000045404687500000005 0.8410614531249999 0.0032237484375 0.8468506078125 0.1158284046875 0.8441263031249999 0.141709334375 0.8410614531249999 0.1494281875 0.8410614531249999 0.2211682671875 0.855704596875 0.3006272 0.8826071265625 0.314702775 0.8868893890624999 0.360993265625 0.9175378406249999 0.39504709375 0.9502295109375 0.426830665625 0.9887103343750001 0.424310703125 0.96840575 0.387078496875 0.9319681515625 0.3471220265625 0.8965521640624999
1 0.685669921875 0.4378769125 0.7277619859375 0.40200300625 0.8167292296875001 0.32738527031250003 0.8559514265624999 0.22980824218749998 0.8741274812500001 0.2118713015625 0.9190894875 0 0.8597779187500001 0.1853963546875 0.8176859265624999 0.26510817656249996 0.8062062328125 0.2966772109375 0.7516779234375 0.34761814687500003 0.6758643734375 0.4154198359375 0.685669921875 0.4378769125
1 0.6234884843749999 0.24559276562500001 0.6158353546875001 0.0726625984375 0.5593937640625 0 0.5632203296875 0.032483834375 0.6005291703125 0.0927519796875 0.599572546875 0.2520141921875 0.6196619203125 0.2950628796875 0.642621234375 0.4256439046875 0.6579274203125001 0.418504996875 0.6646239265625 0.391240834375 0.6234884843749999 0.24559276562500001
1 0.8266591953125 0.31795158125 0.89656819375 0.31660718125 0.9389916046875 0.3192959984375 0.9975478921875001 0.2991299375 0.9491493515625 0.309885159375 0.900750765625 0.30943703125 0.8284517062500001 0.3067482140625 0.8266591953125 0.31795158125