0 0.41922621875 0.6812072515625001 0.40328873906249996 0.6106129921875 0.40101193437499993 0.529233328125 0.40101193437499993 0.49052035 0.382038696875 0.4672799953125 0.3706547765625 0.4894830375 0.37369048125000004 0.54982975 0.3790029921875 0.62496305625 0.394940521875 0.69840384375 0.4397173078125 0.7837526312499999 0.4526190828125 0.7985546453125 0.473110171875 0.762688221875 0.47172223593749996 0.7632496234375 0.43744050312500005 0.713657834375 0.41922621875 0.6812072515625001
1 0.49661635000000004 0.7837478 0.50325270625 0.7617076593750001 0.519843565625 0.7464173546875 0.58668104375 0.6781443703125001 0.601375809375 0.6618169609375 0.6203368015625 0.6611057859375 0.6293432578125 0.6554163890625 0.6113303125 0.6497269671875 0.6397718 0.618079596875 0.6900184171875 0.5778981078125 0.70329113125 0.5662235421874999 0.7009209671875001 0.556978246875 0.70566123125 0.535287346875 0.7028170593749999 0.5189302703124999 0.711349509375 0.46416966249999997 0.698076859375 0.5164851734375 0.69712878125 0.5449322453125001 0.6857521609375 0.5655563703125 0.6686872937499999 0.5822728484375 0.6174926296875001 0.6235211046875 0.599953725 0.6469899359375 0.5520772390625 0.69390124375 0.5222136984375 0.7230594953125 0.4896336296875 0.7590524609375 0.49661635000000004 0.7837478
0 0.49661635000000004 0.7228882796875 0.497564428125 0.710140996875 0.457746353125 0.7403660109375 0.41745423906249995 0.776280440625 0.40683644531249996 0.8168075625 0.4240905953125 0.823104228125 0.4349931765625 0.7840494828125 0.46485671718750005 0.7506241765625 0.49661635000000004 0.7228882796875
0 0.3847465578125 0.75234213125 0.3657855671875 0.7164277078125 0.3600972734375 0.7018485796875 0.3439804359375 0.699003871875 0.33355189531249996 0.7114494671875 0.3425583671875 0.7167832953125 0.34966873125000003 0.724961828125 0.36768165937499997 0.768343609375 0.376214109375 0.8124365843750001 0.3795322875 0.8380389453125 0.40038937187499996 0.81777040625 0.3890127671875 0.7704771453125 0.3847465578125 0.75234213125
0 0.27961623125 0.6786893578125001 0.2636301515625 0.6704449125 0.23465538437500003 0.6382166265625 0.225996259375 0.628223359375 0.22399798125 0.6164812671875 0.2040153921875 0.621228071875 0.21467277187499997 0.6302220109375 0.2299927671875 0.647960059375 0.244313646875 0.6681964328125 0.26496234375 0.68593448125 0.278950146875 0.691930440625 0.32457710156249997 0.7079196718749999 0.33356928125 0.71266646875 0.342178509375 0.700615440625 0.3279075484375 0.6931796046875001 0.27961623125 0.6786893578125001
0 0.3595466546875 0.70167388125 0.36221101718750004 0.6984260703125 0.3625440484375 0.6911809484375 0.3665405796875 0.6871836359375 0.3615449328125 0.6894321234375 0.3548840625 0.6886826296875 0.3532188390625 0.6829365015625 0.34755710624999997 0.6686960953125001 0.3448927453125 0.6527068640625 0.3362336203125 0.6684462640625 0.338897959375 0.6876833062500001 0.3451090453125 0.6962196375 0.3595466546875 0.70167388125
0 0.20160622031250003 0.6628987984375 0.184245846875 0.6389367765625 0.15438605156250002 0.62278848125 0.1252206453125 0.624872128125 0.0780004765625 0.624351215625 0.05230713125000001 0.6238303046875 0.0321691078125 0.6290394390625 0.000920465625 0.634769484375 0.0113366953125 0.644666821875 0.047446223437500004 0.637894953125 0.07383395625 0.6337276609375 0.1036937984375 0.634248571875 0.134248028125 0.63633221875 0.1439697984375 0.63633221875 0.1592469140625 0.6431040875 0.1870234953125 0.667587003125 0.1856346703125 0.6879026265625 0.2043838703125 0.700404540625 0.232854840625 0.7321802546875 0.24396548125 0.759267746875 0.2536590515625 0.72643725 0.22591071875000002 0.6852980515625 0.20160622031250003 0.6628987984375
0 0 0.654564178125 0.0370300171875 0.6623778703125 0.1029993625 0.6727961375 0.15646926562500002 0.680609846875 0.18355145781249999 0.6832144046875 0.1726971609375 0.66858005 0.1370256765625 0.6649824453125001 0.07383395625 0.6556060015625 0 0.641020440625 0 0.654564178125
1 0.294076940625 0.502062721875 0.2781923421875 0.452910071875 0.2583365609375 0.44505916093750003 0.27157373281249997 0.48229601093749996 0.284149028125 0.5324142296875001 0.30135738437500004 0.5641896890625 0.325184259375 0.5959651328125 0.3304791546875 0.5879557578125 0.315256390625 0.554690828125 0.294076940625 0.502062721875
0 0.375979496875 0.5237826015625 0.38392940000000003 0.5151353796875 0.43043629687499996 0.472495659375 0.483700628125 0.3812352546875 0.49244551875000003 0.366028075 0.49006055625 0.3120852625 0.48807307343749995 0.24708203593750003 0.5043703875000001 0.2059578734375 0.5166927359375 0.17941985 0.50874280625 0.156161815625 0.48767559374999997 0.175521403125 0.48250816093750004 0.1931140203125 0.463825884375 0.2321755921875 0.46422339062500007 0.29001718125 0.465018378125 0.306445590625 0.46780084843749997 0.3565398203125 0.45865845156249996 0.3743944625 0.445938621875 0.3946706984375 0.427653853125 0.4259795921875 0.39943169843750004 0.4704083953125 0.36484961718750003 0.5014191140625 0.375979496875 0.5237826015625
1 0.3678719828125 0.4944569796875 0.372276525 0.45234934843749997 0.3775069453125 0.441404634375 0.37640581093750003 0.4354160125 0.37530465625 0.3970254578125 0.376956378125 0.35303594843749997 0.37888337499999997 0.3115478265625 0.37557995 0.2844957890625 0.36897311875 0.2926353328125 0.36842255156250003 0.31184021562500003 0.36924839375 0.344674375 0.3659449875 0.3681947921875 0.3648438515625 0.39855090312499997 0.36539441875 0.41011513437499997 0.3623662875 0.414222171875 0.36677084843749996 0.43445957812499997 0.364017990625 0.4474693390625 0.363742715625 0.465848203125 0.35822964687500003 0.4969029546875 0.3678719828125 0.4944569796875
0 0.578126625 0.5865546109374999 0.5658757984375 0.57229438125 0.561228934375 0.5606167656250001 0.5565820718750001 0.54699033125 0.570100234375 0.492250971875 0.57136754375 0.4729204375 0.5582718343749999 0.4643643 0.55151278125 0.457075740625 0.5481332265625001 0.4482027109375 0.5447536984375 0.435526953125 0.533770209375 0.43267490625000005 0.5071563359375 0.4279214984375 0.47124876406249994 0.42221740937499996 0.46196325624999995 0.4203366078125 0.4602734921875 0.42699138124999997 0.503362571875 0.43332926250000003 0.530398871875 0.4425191796875 0.5375804093750001 0.4637510734375 0.555322953125 0.4818140265625 0.5396925984375 0.530607109375 0.5392701718749999 0.5594297781249999 0.5468741359375 0.59238674375 0.5168807359375001 0.6418222078125 0.51645828125 0.65544604375 0.5460210359375 0.6394758984375 0.5730573359375 0.595427640625 0.578126625 0.5865546109374999
0 0.5792512390625 0.5850074984375 0.5944176640625 0.5755266203125 0.6113896234375 0.5511472171875 0.63269483125 0.526496925 0.641000240625 0.5213501671875 0.6612221484374999 0.48884429375 0.6832495656249999 0.473411040625 0.7431930343750001 0.42140164843749994 0.7771369265625 0.3926881328125 0.7829146421875001 0.381311071875 0.77208144375 0.385103425 0.7406653171875 0.41030089218750004 0.6940827171875 0.44822440781250006 0.6500278828125 0.488036765625 0.633417040625 0.50970735 0.6254727234375 0.5159376421874999 0.5973064984375 0.553319390625 0.5760012890625 0.5714685015625001 0.5792512390625 0.5850074984375
1 0.7031103578125 0.5660457421875 0.7482485421875 0.541937221875 0.744637475 0.54139545 0.738859784375 0.542749865625 0.7034517671875 0.5624415421875 0.7031103578125 0.5660457421875
1 0.5672290671875 0.46602454375 0.5739328765625 0.443542621875 0.5822140734375 0.4219481515625 0.58891788125 0.3811505 0.610606696875 0.34772343437500003 0.5904952453125001 0.36692945625 0.5818197203125 0.39680674374999997 0.56801775 0.43674173281249995 0.5628913046874999 0.450349209375 0.5605252593750001 0.4678022859375 0.5672290671875 0.46602454375
1 0.784447425 0.3917708921875 0.803193375 0.38410058125 0.82477963125 0.3815438203125 0.8423894656250001 0.3832483265625 0.89976343125 0.3853789609375 0.9554332062500001 0.36833384375 0.9991737562499999 0.34958420625 1 0.34404454218749997 0.9889487234375001 0.34447066875 0.9440720578124999 0.36535094218749997 0.9020356609375 0.3738735078125 0.8702243718749999 0.378134790625 0.8276199359374999 0.3747257609375 0.8242115921875 0.3679077171875 0.813986521875 0.3700383515625 0.786704478125 0.38291236562500003 0.784447425 0.3917708921875
1 0.7901770765625 0.3784301765625 0.82707709375 0.3502173875 0.8345280765625 0.347555803125 0.84375308125 0.345958853125 0.852623290625 0.3446280609375 0.8614934765625 0.3550082375 0.8685896390625001 0.350749703125 0.8941358109375 0.3502173875 0.873202140625 0.349152753125 0.8632675234375 0.35048354531250003 0.8611386812499999 0.34489421875000004 0.8512040624999999 0.34010336875 0.8455271281250001 0.3414341609375 0.82707709375 0.345426534375 0.8139492015625001 0.3542097609375 0.7801627140625 0.37790193125 0.7901770765625 0.3784301765625
1 0.8249482531250001 0.36989525625 0.84375308125 0.3523288015625 0.8813627374999999 0.3193251640625 0.896619471875 0.3108080953125 0.9399060625000001 0.286055365625 0.9934820671875 0.26635964687499997 1 0.2567779421875 0.948776271875 0.278070615625 0.90229640625 0.300694071875 0.886684853125 0.30841266875 0.8590098390625001 0.33318325 0.8455271281250001 0.3414341609375 0.8203357499999999 0.367251521875 0.8249482531250001 0.36989525625
1 0.8607838624999999 0.342214778125 0.8749761875000001 0.33529466406249997 0.9179079609375 0.3225190640625 0.958356071875 0.3145343109375 0.9782253093750001 0.3140019953125 0.9984493890625 0.3062833984375 0.992417634375 0.3070818796875 0.97361283125 0.311872725 0.9643878265625 0.3089449828125 0.9402608578124999 0.3145343109375 0.8991031328125001 0.324116009375 0.8679703078125 0.3330849359375 0.8607838624999999 0.342214778125
1 0.35274938749999996 0.403333609375 0.36578354062499996 0.3969569578125 0.3924185453125 0.3880296390625 0.4473886578125 0.3765516640625 0.5051247296875 0.354040346875 0.5385601624999999 0.3302341671875 0.6161983953125 0.2881482515625 0.6966320546875 0.2268997359375 0.8094058390625 0.124023034375 0.856442125 0.10151173124999999 1 0.0381702765625 0.9896171703125001 0.035619621875 0.853621240625 0.0908839609375 0.8502209984375 0.0870579796875 0.8853565515625 0.0016107875 0.82925301875 0.09850442499999999 0.7952508671875 0.12188549687500001 0.75841523125 0.1533436703125 0.6524903140625 0.2455491171875 0.5890196546875 0.2935865953125 0.5317827203125 0.322486371875 0.5085479 0.34119122968750004 0.4394102328125 0.369673625 0.388407025 0.379026053125 0.34817114843749997 0.3968806921875 0.35274938749999996 0.403333609375
0 0.1837524546875 0 0.169825175 0.08421040937499999 0.1728096109375 0.1700291296875 0.2205601921875 0.2804818484375 0.24244588125000002 0.332719328125 0.249409521875 0.39841115 0.2643315703125 0.4446786484375 0.31009254999999997 0.51109488125 0.3289938015625 0.5431836015625 0.33822045156249997 0.5015161984375001 0.3260094328125 0.46624245000000003 0.286217259375 0.39684120312500004 0.2653264046875 0.309529975 0.2235445953125 0.2117712578125 0.2026537078125 0.166305634375 0.2026537078125 0.1118293875 0.2026537078125 0.042420421874999996 0.21459135312500002 0 0.1837524546875 0
1 0.1546662453125 0.2797665875 0.1086886671875 0.2591402375 0.1086886671875 0.26421229375 0.14204495625 0.280442871875 0.1889240703125 0.3010692203125 0.22723871093749998 0.30918450625 0.22546740468749998 0.3030980484375 0.197520240625 0.2959971703125 0.1546662453125 0.2797665875
0 1 0.48038543906250003 0.943962384375 0.496453353125 0.9145868390624999 0.51298035625 0.8491038484375 0.5354888703125 0.7732169875 0.5653292859375 0.7493493609375 0.582774453125 0.6991661140625001 0.6158284515625 0.6704025765625 0.6144512062499999 0.63123516875 0.613992125 0.6055315546875 0.623173778125 0.562136884375 0.6392029609375001 0.5565723046875 0.6745479 0.5975756796875 0.646543809375 0.6471469187500001 0.633260178125 0.6973301671875001 0.6323420140625 0.7187498375 0.629587521875 0.7683210765624999 0.5910245171875 0.8062645078124999 0.5653158515625 0.881539359375 0.5391481046875 0.9329465859375 0.5189484375 0.9874137765625 0.4973715171875 1 0.490485271875 1 0.48038543906250003
1 0.7276915109375001 0.6256241515625 0.7272780875 0.6271748546875 0.7161152265624999 0.630586396875 0.7289318375 0.636168925 0.7504306546875 0.6408210249999999 0.7694488453125 0.6395804671875001 0.7859864109375 0.644852846875 0.7963223953125 0.6445427078125 0.808312103125 0.6308965359375 0.82733029375 0.61445910625 0.84138723125 0.6011230750000001 0.857924796875 0.59523040625 0.880663940625 0.5812740984375 0.9344110109375 0.5679380671875001 0.8856251937499999 0.5775524140625 0.8653667031250001 0.5859262015625 0.8562710453125 0.5871667640625 0.84138723125 0.5983318093750001 0.831051246875 0.6020534921875 0.8095524296875001 0.6194213453125 0.79590894375 0.6374094828125 0.7855729593749999 0.6364790640625 0.7723429234375 0.6333776609374999 0.749190328125 0.6336877999999999 0.7276391453125 0.6262259265625 0.7276915109375001 0.6256241515625