0 0.2606849234375 0.577209446875 0.238131071875 0.50447326875 0.226102334375 0.468950946875 0.2005413203125 0.4323009390625 0.1809946328125 0.40974709374999996 0.1701499828125 0.3300051296875 0.15285873125 0.29730205 0.137071046875 0.247119728125 0.1430853734375 0.204591621875 0.1596248984375 0.16117546562500001 0.15661770625 0.1329831515625 0.1551140828125 0.0985885265625 0.1551140828125 0.004722209375 0.10023305 0.0002114421875 0.107751 0.0481383765625 0.11000640937499999 0.1157999296875 0.1145171671875 0.1772450859375 0.096474075 0.19923507812500002 0.081438175 0.21220355937500002 0.096474075 0.273098953125 0.11752435937500001 0.3404785875 0.14158180625 0.4120870484375 0.14158180625 0.4352047578125 0.1543622984375 0.455503215625 0.18217875 0.4820039953125 0.19571102499999998 0.50482566875 0.1904484828125 0.520613359375 0.209243359375 0.566284921875 0.257358253125 0.64439171875 0.30472130625 0.6945740453125 0.321580309375 0.6549074515625 0.2960192953125 0.63108494375 0.2606849234375 0.577209446875
0 0.333289540625 0.518019684375 0.36035415 0.452613503125 0.37087929218750004 0.435698115625 0.35734695781250003 0.39961195625 0.34005570625 0.3669229609375 0.30096233125 0.3330921953125 0.292692596875 0.3015168015625 0.2641243625 0.290803725 0.252095653125 0.306591415625 0.29419616406250004 0.35902912656249997 0.320508990625 0.38383835 0.32351618125 0.40921143125 0.324267965625 0.42161605468749996 0.31299103906250003 0.4385314421875 0.29494800468750004 0.5039376234375 0.2956997890625 0.5651149359375001 0.30096233125 0.6254464921875 0.320508990625 0.649128040625 0.34231105781250004 0.6373436406249999 0.333289540625 0.5970286437500001 0.333289540625 0.518019684375
1 0.38967416718750003 0.6626603375 0.4265121359375 0.6316487921875 0.435533653125 0.6045841750000001 0.44906598750000004 0.5673703296875 0.496429040625 0.5211349203125 0.5257490578125 0.47997414687499995 0.5144721328124999 0.47377183437500003 0.49567725625000003 0.5070387625 0.44906598750000004 0.539741853125 0.4460587953125 0.5504549421875 0.43177467812500003 0.5724449328125 0.4182423453125 0.6113503359375 0.4017028765625 0.6316487921875 0.379900809375 0.6534978359375 0.38967416718750003 0.6626603375
1 0.2905687640625 0.300515978125 0.31237083125 0.2458228859375 0.3274067328125 0.1713951734375 0.3341729 0.1330536296875 0.3274067328125 0.0902013109375 0.2845544390625 0.093584390625 0.3063564484375 0.12066310312499999 0.31612980625 0.1358869515625 0.3101154234375 0.178175428125 0.29357595625 0.2368154390625 0.2680149125 0.28699775625 0.2905687640625 0.300515978125
1 0.18682105468750002 0.226652103125 0.1552456578125 0.1787251703125 0.1514866828125 0.1978959515625 0.185317459375 0.2508975109375 0.2462128453125 0.29938828125 0.2537307953125 0.292622121875 0.20185695625000002 0.2407482609375 0.18682105468750002 0.226652103125
1 0.158440809375 0.090074446875 0.22986133749999998 0.0032421234375 0.2253505796875 0 0.16464309531250002 0.0628688609375 0.158440809375 0.090074446875
1 0.010337153125 0.077669825 0.07048075625 0.1526613765625 0.06672178125 0.12277752812500001 0.00206741875 0.0551159734375 0.010337153125 0.077669825
0 0.45197739531250003 0.737792065625 0.4636898578125 0.7206857171875 0.471087178125 0.7216103875 0.484648946875 0.7123637140625 0.48896408906250005 0.687860034375 0.5413310578125 0.6409331593750001 0.6461267125 0.558637771875 0.7552374390625001 0.4708406078125 0.8606495046875 0.3996296578125 0.9549655906250001 0.3288926109375 0.9531162375 0.3173342703125 0.9333900203125 0.313635603125 0.92229399375 0.33051078125 0.7817445875 0.42297752343750006 0.673311940625 0.50808158125 0.6104345343750001 0.5547772921874999 0.47974823750000006 0.6424126328125 0.46433711562499996 0.6650669812500001 0.43043264687500005 0.6807863234375 0.41687083124999996 0.7048276687499999 0.4033090625 0.76446871875 0.3846615953125 0.7791478093750001 0.3881389671875 0.7823763046875001 0.395880896875 0.8118232437499999 0.42608670625 0.8039635687500001 0.45197739531250003 0.737792065625
0 0.48526542812500006 0.7988779046875 0.522252121875 0.785932565625 0.515471190625 0.765589878125 0.4982107625 0.7623535390625 0.48649829999999994 0.76836388125 0.4772516265625 0.7688262078125 0.48033385156249997 0.7119591703125 0.4871147359375 0.6220006031249999 0.4840325109375 0.519362521875 0.47786806249999997 0.47797210156250003 0.46430629375 0.4026117171875 0.43225115468749997 0.4146323953125 0.445812946875 0.4839824359375 0.45752540937499997 0.5574934953125 0.44951160625000003 0.6728110734375 0.44396359375000005 0.767115571875 0.42793603593749996 0.8110372703125 0.43779914375000006 0.8383149640625 0.43718270937500003 0.8330905859375 0.4667720828125 0.8169089078124999 0.48526542812500006 0.7988779046875
1 0.37001725625000004 0.43338790937500005 0.392914971875 0.4260801296875 0.4513772140625 0.4059837328125 0.5117882046875 0.36688710625 0.5819429015625001 0.32048270625 0.6335845421874999 0.2773667984375 0.6452769968750001 0.2620204609375 0.6170202328125 0.27078979531249997 0.564891415625 0.320080775 0.5268909421875 0.34017716875000004 0.5064291734374999 0.3504080625 0.419710165625 0.3986394140625 0.367337740625 0.4166348203125 0.37001725625000004 0.43338790937500005
1 0.8492463015625 0.37855431875 0.8748339968750001 0.36134880625 0.8210116453125 0.364657559375 0.7151315828125 0.40201336562499995 0.7018965749999999 0.420542371875 0.644544875 0.47414415625000006 0.6074868796875 0.5211284484375 0.5148391203125 0.6138284390625001 0.639250884375 0.5208306406250001 0.71866093125 0.4222298484375 0.8007179390625 0.38318656406249996 0.8492463015625 0.37855431875