0 0.3596451890625 0.8233821718750001 0.4452198515625 0.7504629453125 0.523856128125 0.6715376140625 0.5527665109375001 0.600418065625 0.611743675 0.5267399546875 0.673033721875 0.479905121875 0.7586084718749999 0.4417434359375 0.7956137265625001 0.40965290468750004 0.796770125 0.38103163281249997 0.7493571140624999 0.423204640625 0.6926927468749999 0.4422855 0.6487490171875 0.449223984375 0.6024924046875 0.4882530015625 0.5261689234375 0.5605000515625 0.507666296875 0.5925905828125 0.481068796875 0.6454965703125 0.4290301078125 0.7001372031249999 0.388555571875 0.721819990625 0.3573323046875 0.7322277359375 0.33073480625 0.775593309375 0.3596451890625 0.8233821718750001
1 0.7992496640625 0.39649915468749997 0.8146851546875 0.3830702703125 0.873340015625 0.35204493281250004 0.8912451921875 0.3464881625 0.9375516625 0.335374603125 0.9968239328124999 0.3242610515625 1 0.311758309375 0.9375516625 0.32240879375 0.8677832296875 0.34000525000000004 0.7989409359375 0.377513490625 0.7992496640625 0.39649915468749997
1 0.7165154296875 0.4145586671875 0.7782573890625 0.41270641875 0.8282683656250001 0.40668656406250003 0.8474083640625001 0.40020366875 0.9017413062499999 0.377513490625 0.9480477765625 0.374272034375 0.9931194250000001 0.368252196875 0.93384710625 0.3677891390625 0.8850709968749999 0.374272034375 0.841851625 0.3951099453125 0.7764051109375 0.40714963906249996 0.7140457421875 0.4099280203125 0.7165154296875 0.4145586671875
1 0.770230915625 0.30666459687500003 0.7597348015625001 0.32472411874999996 0.7239244703125001 0.36686300625 0.7047844484375 0.392331565625 0.6992276859375 0.40714963906249996 0.7097238 0.399983715625 0.7510909171875 0.3448790109375 0.77455288125 0.310357534375 0.7838141750000001 0.29368721249999996 0.8301206437499999 0.22607975625 0.8937148328125 0.17748111718749998 0.9110026015624999 0.1177457828125 0.9193818296874999 0.08318145 0.889392915625 0.16752522812499998 0.84370385625 0.20642266875 0.81159805625 0.2418355359375 0.770230915625 0.30666459687500003
1 0.5695541359375 0.361086275 0.6041296484374999 0.3745151484375 0.6603148203125 0.40415128749999996 0.6868638359375 0.41896936093750003 0.6885771843749999 0.4139914125 0.6294592531250001 0.3786827296875 0.5695541359375 0.361086275
1 0.7855889171875 0.2974230390625 0.868175996875 0.27708909375 0.8856944906249999 0.268017034375 0.9553512718749999 0.2364212109375 0.9941421937499999 0.220154053125 0.997479028125 0.21358462500000003 0.9628904859375 0.22484650312499999 0.8719612437500001 0.2705196703125 0.7868715015625 0.2937472890625 0.7855889171875 0.2974230390625
1 0.5971263265625 0.21915860468749998 0.6170882765625 0.222969521875 0.666306846875 0.23892384843749997 0.6992582703125 0.2573808125 0.73179259375 0.2761506078125 0.76516111875 0.3055566234375 0.7638993578125 0.3015680375 0.750374678125 0.28522267968750004 0.7003218921875 0.2526883640625 0.667787584375 0.2348570625 0.6033237625 0.2182770734375 0.5971263265625 0.21915860468749998
0 0.2897680296875 0.0424218234375 0.3139305859375 0.049011624999999996 0.3710421828125 0.0517573734375 0.44426215156250004 0.04406926875 0.5255363046875 0.00068645 0.4984449390625 0 0.4296181578125 0.0193575296875 0.3754353703125 0.0248490265625 0.33662882031249997 0.0193575296875 0.2875714078125 0.009060971875 0.2897680296875 0.0424218234375
0 0.395186490625 0.0517573734375 0.41422367031249996 0.07152675625 0.513070628125 0.0418726828125 0.5416264265625 0.0418726828125 0.5980057796875 0.057798012499999996 0.6104531515625 0.049011624999999996 0.5350549234375 0.020455832812499998 0.49698050625 0.0336354359375 0.42211309999999996 0.0488743296875 0.395186490625 0.0517573734375
1 0.6284103828125 0.0550522640625 0.6445187531250001 0.05450311249999999 0.7060235375 0.0610929234375 0.7440978984375 0.0698793125 0.77924350625 0.0775674171875 0.7799756953125 0.061642065625 0.7484911421875 0.0632895109375 0.683325359375 0.047364170312499995 0.6174273875 0.046265865625 0.6284103828125 0.0550522640625
1 0.6042477703125 0.0566997203125 0.619623953125 0.06823186718749999 0.659162746875 0.0731742015625 0.74556233125 0.0945910515625 0.7726536984375 0.0995334078125 0.71993534375 0.0825097515625 0.6657525546875 0.070977615625 0.615230765625 0.0550522640625 0.6042477703125 0.0566997203125