0 0.7490313046875 0.4353619796875 0.526002771875 0.28342230625 0.15505334531249998 0.08057079375000001 0.048090592187499996 0.0054545484375 0.01167779375 0.0634989140625 0.16870811562500002 0.1352007953125 0.4395285765625 0.271775771875 0.62159264375 0.39127886875 0.840069740625 0.5720812515625 0.8491729203125 0.6369544031250001 0.9538598015625 0.6693909234375 0.9948242671875 0.667683740625 0.9739968609374999 0.6103827203125001 0.9242680640625001 0.5907160171875 0.7490313046875 0.4353619796875
1 0.6498382781250001 0.6223192531249999 0.575719071875 0.615938871875 0.5259011765625 0.6177618296875 0.5040299953125 0.6305225890624999 0.45785733906250003 0.6369029390625001 0.38981341875000003 0.6542210921875 0.320554475 0.687945890625 0.20147771718750002 0.8208603140624999 0.18932702031249998 0.8810180796875 0.21848867656249998 0.9420873249999999 0.2087681109375 0.8400014234375 0.30354355625 0.7297121859375 0.34850110624999997 0.6978103296875 0.427480575 0.6640855328125 0.5015997828125001 0.6549707171875 0.5429121765625 0.6412984921875 0.578149203125 0.6422099718750001 0.680215040625 0.6458559 0.8187329296874999 0.6513247875 0.84546445625 0.6403870140625 0.8287480031250001 0.6045410078125 0.7883561671875 0.61685035 0.6498382781250001 0.6223192531249999
1 0.37280250000000004 0.7333581 0.2780270546875 0.7761977124999999 0.1868968890625 0.82541770625 0.105487246875 0.851850675 0.052024196875 0.8600540125 0.0070666046875 0.8791951234375001 0.065389959375 0.8755491781250001 0.14436946875 0.860965490625 0.2342845703125 0.816302890625 0.37280250000000004 0.7497647734374999 0.5659984640625 0.6549707171875 0.55477294375 0.6385406437500001 0.4943093890625 0.6777577406249999 0.37280250000000004 0.7333581
0 0 0.4088677953125 0.033994373437499996 0.41707113281249997 0.0437148984375 0.4243629609375 0 0.428920384375 0.0011874796875 0.44076963593749996 0.078951925 0.44441555 0.1457807375 0.4526188875 0.2685027328125 0.44988445156249995 0.47141930312499997 0.4353007640625 0.5722700359374999 0.46264518125 0.67069071875 0.5364751875 0.69256198125 0.5373866656249999 0.7739715828125 0.5373866656249999 0.752569571875 0.502301534375 0.6936852765625 0.504573315625 0.6013400453125 0.44806149531250006 0.5017043375 0.41707113281249997 0.3352398578125 0.41980556875 0.12269445000000001 0.427097428125 0.0352094796875 0.39701854375 0 0.387903728125 0 0.4088677953125
0 0.596204753125 0.38719854531250003 0.45404162656249997 0.35529670625 0.23654426874999998 0.31428005 0.1685003484375 0.3033422765625 0.0943811421875 0.223044778125 0.009326303125000001 0.2175758765625 0.05914411562500001 0.262238446875 0.1405537984375 0.313281396875 0.1745757171875 0.33059954999999996 0.3641265265625 0.3661473359375 0.6375171484375 0.4263050703125 0.81370219375 0.49387600000000004 0.8212668734375 0.467698265625 0.7286473546875001 0.42274633125000005 0.596204753125 0.38719854531250003
1 1 0.3318840625 0.9569006531250001 0.34904068593750004 0.918705021875 0.3650522921875 0.867028634375 0.39876093125 0.8243394921875 0.45859373437500006 0.8142288859375 0.495673225 0.8411904765625 0.5108420890625001 0.8411904765625 0.47881890625 0.8760158812500001 0.4257278078125 0.931062421875 0.3810638984375 1 0.34229898125 1 0.3318840625
0 0.7726631046875 0.27488171875 0.6704336859375 0.1729131171875 0.56371068125 0.045780515625000004 0.5614638890625 0.0348252171875 0.5513532828125001 0 0.47608549218749996 0.0019593187500000003 0.5389958828125 0.073590134375 0.61201691875 0.17050245625 0.7063824484375 0.2622719234375 0.84793085625 0.4173315921875 0.8703988609375 0.46702089375 0.885003053125 0.41982881718750004 0.8823738828125001 0.41250929999999997 0.854671234375 0.370108571875 0.7726631046875 0.27488171875
1 0.8883732796875 0.341456240625 0.8299564374999999 0.2361167875 0.749071665625 0.0988563078125 0.6659401 0.0120565859375 0.664816665625 0.00784300625 0.664816665625 0.001944 0.6333614890625 0 0.682791084375 0.066833109375 0.76367585625 0.16374540312500002 0.8254628515625001 0.280040184375 0.8591648203125001 0.357569990625 0.9209518156250001 0.42410579843749996 0.9503338515624999 0.40972911874999995 0.9063476234375001 0.3608386984375 0.8883732796875 0.341456240625
1 0.66542341875 0.449355828125 0.641719653125 0.46245787031249996 0.5999261 0.4863223125 0.5600039156250001 0.46432959374999994 0.52008175 0.4573106390625 0.588074196875 0.48912988437499993 0.5968071687500001 0.5111226125 0.611154221875 0.565402496875 0.5974309718749999 0.5719535140625001 0.57871744375 0.5808441906249999 0.5437855359375 0.60330483125 0.5550136578125 0.6051765609374999 0.56499419375 0.59301036875 0.60179746875 0.5747611015625 0.62425366875 0.5696138703125 0.60366879375 0.494277115625 0.6410958499999999 0.4718164765625 0.678629690625 0.45495174687500006 0.66542341875 0.449355828125
1 0.7530806296875 0.784377671875 0.7967173875 0.8077591 0.8442502453125 0.8323095875 0.8516528953125 0.8358167999999999 0.856717871875 0.84166215625 0.9139911062499999 0.8515992703125 0.9996914140625 0.8524486484375 0.9989121624999999 0.8457264906249999 0.9533273546875 0.84426515625 0.8960541718749999 0.8422192781250001 0.8664435171875 0.8378352640625 0.8481316890624999 0.8255600171875 0.7947546046875 0.7980868515624999 0.7600789734375 0.7796739796875001 0.72657220625 0.769736875 0.6868316125 0.753954415625 0.6724159109375 0.7440173125 0.6715972046875 0.7600809843749999 0.73087265 0.778824590625 0.7530806296875 0.784377671875
0 0.7357055375 0.6171864968749999 0.6877830546875 0.653427696875 0.62037988125 0.7206083249999999 0.6020680406250001 0.745451078125 0.5942757640624999 0.7358062421875 0.567782034375 0.736098509375 0.5128884546875 0.7501273687500001 0.466914021875 0.7442820109375 0.462628271875 0.753050046875 0.4910700765625 0.7621103406249999 0.5245768562500001 0.762694884375 0.5627590140625001 0.75100416875 0.5822396921874999 0.7483737578125 0.5904215671874999 0.7653252859374999 0.5892527421875 0.7723397203125 0.60016191875 0.7653252859374999 0.6134087703125 0.764448484375 0.6118503203125 0.75714179375 0.6262660234374999 0.7542191140625001 0.6476947765625 0.732591296875 0.7100329875 0.6782294953125 0.7466566421875 0.649879525 0.830755940625 0.5978911921875001 0.8260959015625 0.56574736875 0.7629784921875 0.5981890859375001 0.7357055375 0.6171864968749999
1 0.6325735921875 0.7529001671875 0.661794634375 0.7561151125000001 0.6793272375 0.76137593125 0.6937429390625 0.779788803125 0.702314440625 0.7984939328125 0.7120547921875 0.8075542359375 0.7358212203125001 0.80287795625 0.7502369234375 0.805216090625 0.7732241265625001 0.8110614484375 0.7864710046875001 0.8154454703124999 0.8063413078125 0.8209985515625 0.8523157156250001 0.840580490625 0.9060823984375 0.8496407937500001 0.9212773515625001 0.8443799796875 0.895562846875 0.8397036906249999 0.849978040625 0.8256748406250001 0.820367384375 0.8131073265625 0.775172203125 0.797324865625 0.742444646875 0.790894975 0.71945744375 0.7891413734375 0.7155613187500001 0.780957871875 0.6988079140625 0.7564073796875 0.6843922124999999 0.7450089375 0.668028434375 0.738579046875 0.643710596875 0.7354130609375 0.6325735921875 0.7529001671875
1 0.9053036343749999 0.7818148500000001 0.865594625 0.7974293328125001 0.8291017921874999 0.8130236859375 0.8518384156250001 0.8106214578125 0.8915474484375 0.7933254203125 0.9152447609375001 0.7861187328125 0.9671226703125001 0.7791522734375 0.9962639781249999 0.77819138125 0.9978983921875001 0.7714119078125 0.9578220109375 0.773407053125 0.9053036343749999 0.7818148500000001