1 0.6641332 1 0.6438160390625 0.9457322046875 0.6280138156249999 0.916966465625 0.586250725 0.8222087140625 0.553517575 0.7486022609375 0.5614186859375 0.6792260531250001 0.5377152890625 0.5159479265625 0.5332004125 0.46772299687499996 0.52304183125 0.37042710625 0.5173981265625 0.26965002656250003 0.5173981265625 0.20704223906250002 0.501595903125 0.17235413593749999 0.48015003749999996 0.20873433437500002 0.48805114843749997 0.271342134375 0.5049820765625 0.44139844687499996 0.501595903125 0.47862472343749995 0.5207843609375 0.5801508609375 0.5264280046875001 0.6801429359375 0.5286854734374999 0.7435967890625 0.5207843609375 0.7672862031250001 0.554646278125 0.8172032640625 0.5828645515625 0.884006065625 0.587379490625 0.9246165109375 0.6110828265625 0.9567664640625001 0.6291425187499999 1 0.6641332 1
1 0.330028759375 0.6606485 0.1946423296875 0.6191919765625 0.1224035265625 0.5819657234375 0.094185253125 0.5565841890625001 0.0016292890625 0.47793666874999996 0 0.4965498078125 0.07838299843749999 0.5591575828125 0.11563114999999999 0.5989219984374999 0.2160882578125 0.6412245750000001 0.316545303125 0.669144259375 0.45537926406249996 0.7402125734375 0.51407328125 0.7596717421875 0.5239733203125 0.7502566171875 0.4767638015625 0.7283325984375 0.330028759375 0.6606485
1 0.7158004296875 1 0.7679518671875 0.9285022812499999 0.7772232296875 0.919381146875 0.7876535171875 0.907653965625 0.7772232296875 0.90113885625 0.776643784375 0.9072196109374999 0.7667929421874999 0.9059165984374999 0.7198566484375 0.7903466859375 0.7679518671875 0.7447409687500001 0.784756221875 0.7073877265624999 0.8206827828125001 0.663085034375 0.836907659375 0.6378933046874999 0.83227199375 0.6239944265624999 0.8061962749999999 0.6574386078125001 0.7662134968750001 0.733917925 0.73318423125 0.75910964375 0.7053701421875 0.783426409375 0.7476707703125001 0.8772438749999999 0.75925995 0.914597128125 0.7436145187500001 0.9406575421875001 0.7355020796875 0.9532533828125 0.700699165625 0.997510590625 0.7158004296875 1
0 0.9377337625 0.9989359359375 0.9979976374999999 0.989814803125 0.9985771484375 0.9780876203125001 0.8728342203125001 0.9780876203125001 0.813149790625 0.9750472421874999 0.7685313453125 0.9754815718750001 0.727289709375 0.99837869375 0.9377337625 0.9989359359375
1 0.69783715 0.9998164375 0.7158004296875 0.9285846609374999 0.7366610046875001 0.8559999140624999 0.7667929421874999 0.7586566859375 0.78127945 0.7499699046875 0.7673724203125001 0.733464978125 0.7685313453125 0.67352603125 0.8021400249999999 0.614455778125 0.828795221875 0.58752669375 0.8554503859375 0.5262847390625 0.8311130703125 0.555819865625 0.795186509375 0.600144934375 0.75925995 0.6592151875 0.75404480625 0.6787604968750001 0.755783209375 0.7565741625 0.7285485656249999 0.8360584078125 0.722174496875 0.8490886015625 0.701313921875 0.9346535984375001 0.67775830625 0.99876973125 0.69783715 0.9998164375
1 0.8312028421875001 0.97592774375 0.838735834375 0.9494329765625 0.858437484375 0.9012212343750001 0.889728346875 0.8834132968749999 0.9134862171875 0.8755951625 0.902476484375 0.8634336515625 0.8821953546874999 0.871686103125 0.8648115531249999 0.8842819671875001 0.8439509781250001 0.9003525515625 0.8335206906250001 0.9264129656250001 0.81138026875 0.9729612624999999 0.8312028421875001 0.97592774375
1 0.8316925156250001 0.9989477546875 0.852553090625 1 0.8716752953125001 0.9889579375 0.9145553703125 0.9620288421875 0.9597532937500001 0.9481299640625 0.9985771484375 0.9337967328125 0.9979976374999999 0.9238069171875001 0.97018358125 0.9320593921875 0.9359954234375 0.9446552562500001 0.896592090625 0.9607258296875001 0.8654562546875001 0.9819551234375 0.8316925156250001 0.9989477546875
1 0.654957075 0.9806807453124999 0.6752382031249999 0.9385130500000001 0.7047906953124999 0.884191721875 0.765054571875 0.8181992453125 0.8044578734375 0.7647754296875 0.8305335921875001 0.7152606515625 0.8253184484375 0.661402471875 0.817206009375 0.667483240625 0.8218417062500001 0.7140126 0.8061962749999999 0.7513658484375 0.7905508125 0.762224346875 0.7459323671875 0.8208683125 0.690883634375 0.8868880156250001 0.6548174453125 0.9577108046875 0.654957075 0.9806807453124999
1 0.6462651734375 0.9376365124999999 0.65901329375 0.907232684375 0.702472846875 0.79956093125 0.6862479375 0.8290960578125001 0.6462651734375 0.8998934937499999 0.640218715625 0.9381276515625 0.6462651734375 0.9376365124999999
1 0.78192326875 0.9049888140625001 0.800996828125 0.8698739359375001 0.8180626562500001 0.8492877171875 0.8508557921875 0.7973678578125 0.8639061390625 0.780061240625 0.8756179671875 0.7359168140625 0.8629022546874999 0.7507152328125 0.8528635421875 0.779559596875 0.8227473875 0.8262176046875 0.798319828125 0.8643423312499999 0.7770794453125001 0.9016618046874999 0.78192326875 0.9049888140625001
0 0.8294070765624999 0.9744071234374999 0.8394458078125 0.9771661515625001 0.8571808671875001 0.9643742984375001 0.910720715625 0.9277544921875001 0.9431792187499999 0.9066855609375001 0.92711729375 0.8981576625000001 0.8899740234375001 0.9167183874999999 0.8371034421875001 0.9608628124999999 0.8294070765624999 0.9744071234374999
0 0.762482284375 0.8881248375 0.775197996875 0.862039496875 0.8093259421875001 0.7839391515624999 0.7999564609375 0.7724014125 0.7882446328125 0.73879145 0.7848983828125 0.7146914765625 0.7705095562500001 0.7427530921875001 0.7822214015625 0.7673335015625 0.7862368828124999 0.788172809375 0.7845637671875 0.79644989375 0.751435996875 0.8654512984375 0.739389534375 0.925665715625 0.74641663125 0.9685772328125 0.744743515625 0.9863854875 0.7837033328125 0.9748256546875 0.764490034375 0.94104798125 0.762482284375 0.8881248375
0 0.0476954 0.876265125 0.275002321875 0.51894023125 0.2923660546875 0.479894809375 0.279737853125 0.39825433593750004 0.24343190625000002 0.380506421875 0.241853425 0.456230903125 0.177134025 0.5650848453124999 0.0650591328125 0.71653380625 0.0476954 0.876265125
1 0.3509215015625 0.2781674203125 0.31868888281249996 0.23837402812500003 0.21535485 0.023773670312500002 0.17743415468749998 0.001034590625 0.24474343125 0.1012286609375 0.3167928390625 0.2596916359375 0.3395452984375 0.30445919843749997 0.457099571875 0.435966659375 0.50070839375 0.47718125 0.49881240312499997 0.4543952953125 0.4210748671875 0.385467465625 0.3509215015625 0.2781674203125
1 0.5215648093749999 0.1900402984375 0.5708618125 0.1097429328125 0.597406303125 0.0926886296875 0.696000203125 0.0003111109375 0.6685077171875 0 0.5585375609375001 0.09132748125 0.5149287390625 0.1709142578125 0.5215648093749999 0.1900402984375
1 0.474163903125 0 0.486488153125 0.035130315625000005 0.49122823281250005 0.08984623593749999 0.48838414375 0.1808025765625 0.50734456875 0.1715648171875 0.51966881875 0.11827009375 0.5101885546875 0.0521846375 0.503552484375 0 0.474163903125 0
1 0.348058934375 0.290745578125 0.356703953125 0.235666125 0.3696714421875 0.13630707343749998 0.3639080953125 0.0007683890625 0.34877937187499997 0 0.34877937187499997 0.0077883203124999995 0.3610264234375 0.10771027500000001 0.3574243515625 0.175209621875 0.346618096875 0.237849009375 0.3402614265625 0.2751336453125 0.348058934375 0.290745578125
1 0.2133411359375 0.22864618750000001 0.12112787656249999 0.1611468328125 0.0937520625 0.1433270109375 0.1312136921875 0.18382662031250002 0.17587950624999998 0.21622628437500002 0.23423320625000002 0.2443060375 0.330768975 0.3010054640625 0.33053825625 0.2902142828125 0.24720069531250002 0.2432260453125 0.2133411359375 0.22864618750000001
0 0.3063767828125 0.3949265359375 0.36044391875000004 0.3965355078125 0.3942518890625 0.393156709375 0.4404561171875 0.3581015484375 0.516524025 0.299337590625 0.5418799937500001 0.28413294218749996 0.6398886234375001 0.222433953125 0.7114488203125 0.17850942187500002 0.69742196875 0.1671658203125 0.6010692843750001 0.2204190015625 0.55824589375 0.240269515625 0.47147211406249995 0.29644224375 0.381317559375 0.3678196234375 0.366103978125 0.369931375 0.3021283859375 0.368431221875 0.3063767828125 0.3949265359375