0 0.1005162921875 0.7652119093749999 0.103760846875 0.7756408343750001 0.12693623437499998 0.7728597875000001 0.132498328125 0.7624308640625 0.1464035609375 0.7429635375 0.1561372234375 0.7099108000000001 0.1821400078125 0.6883576890625 0.228490784375 0.6435341703125 0.23961497031249998 0.6358862921874999 0.2836482078125 0.642491278125 0.28133066875 0.6463152171875 0.2734510375 0.6543107265625 0.2780861140625 0.65987281875 0.29060082343750004 0.6567441421875 0.3096046421875 0.6570917734374999 0.35271086406249996 0.6515296796875 0.38654692968750004 0.6525725718750001 0.405087240625 0.6470104796875 0.5089129781249999 0.60042795 0.516792609375 0.5966040109375 0.5269897796875 0.589999025 0.5279167953125 0.5802653624999999 0.503350884375 0.567055390625 0.483429321875 0.570893234375 0.42595435937500004 0.6060039484375 0.37497777656250003 0.6251236421875 0.363853590625 0.6230378578125 0.3513388796875 0.6199091796875 0.333262078125 0.6247760125 0.31333124375 0.6181710265625 0.29015585625 0.6181710265625 0.24380508125000003 0.6053086859375 0.22989984843750003 0.5931416078125 0.22341073906250003 0.586884253125 0.20950550625000003 0.5837347171875 0.1928192265625 0.5896444421875 0.190965196875 0.5962494265625 0.1914287046875 0.6042449359375001 0.187257134375 0.6118928140625 0.18633011875 0.620235953125 0.190965196875 0.6320554015625001 0.15944666875 0.6653653859374999 0.1409063578125 0.6726656328125 0.12607410937500002 0.6830945578125001 0.120975525 0.6997808375 0.101121103125 0.7536682203125 0.1005162921875 0.7652119093749999
0 0.9561052625 0 0.7355868109375 0.2489245234375 0.7221450859375 0.250662678125 0.6883090203125 0.30314102656249997 0.6563269843749999 0.3785699609375 0.6173923328125 0.45574400312499996 0.60534113125 0.4564392640625 0.592826421875 0.460958465625 0.5826292515625 0.475211328125 0.583092759375 0.490159453125 0.5376689984375 0.5388277687499999 0.50522345625 0.5628142953124999 0.5356759156249999 0.576719528125 0.6005948125 0.5266606890625 0.6835627015625 0.41959039843749996 0.7452092328125001 0.309739059375 0.7614320046875 0.297252159375 0.814735396875 0.250280284375 0.8731373734375 0.17937055 0.9422000296874999 0.110539646875 0.99828446875 0.04309926875 1 0.035451390625 0.9992114843750001 0.0045122484375 0.9908683437500001 0 0.9561052625 0
1 0.5477271171875 0.5704621734375 0.5361394234375 0.5874960828125 0.660359503125 0.556209309375 0.6756552578125 0.5596856171875 0.7790174890625 0.5603808796874999 0.9055551062499999 0.5384801375 0.9282669859375 0.5322227828125 0.935219603125 0.5270083203125 0.935219603125 0.51866518125 0.9338290796875001 0.510322040625 0.924558925 0.5061504718750001 0.879598671875 0.5224891203124999 0.78828764375 0.540913553125 0.6877064609375 0.541608815625 0.6798268281250001 0.5391753984375 0.676118765625 0.5350038296874999 0.6654580875 0.5346561984375 0.5611688421875 0.5621190328125001 0.5477271171875 0.5704621734375
0 0.29364661718749996 0.615372346875 0.327025803125 0.6031934546875 0.3522857265625 0.5927060749999999 0.37032852968749996 0.58018888125 0.372132809375 0.5744377375 0.3689753203125 0.5686865937500001 0.37303495 0.5622588453125 0.3906266828125 0.5615822406250001 0.3915288234375 0.5544778875 0.38927347343749996 0.5443288109375 0.3798010015625 0.5382393640625 0.35183465625 0.550756559375 0.3306343640625 0.5754526453125 0.305825509375 0.593044378125 0.2571099421875 0.604546665625 0.29364661718749996 0.615372346875
0 0.3925442125 0.5591198281249999 0.3976154796875 0.5591198281249999 0.413956228125 0.554893771875 0.436495190625 0.5466529640625 0.508901609375 0.5301671203125 0.550598690625 0.5067125124999999 0.5627133828125 0.493611740625 0.5691933359375 0.48494832656250003 0.6032835171875 0.4534642125 0.6066643609375 0.44184255937500005 0.6032835171875 0.43677129375 0.5911688234375 0.4412086515625 0.5756732875 0.45726766249999995 0.533322575 0.5024780046874999 0.4637391625 0.5307925765625 0.4471166765625 0.5310038796875001 0.442327146875 0.528045640625 0.43443851093749997 0.5293134578124999 0.39133274375 0.545795075 0.3925442125 0.5591198281249999
1 0.371977409375 0.579193590625 0.383528628125 0.579193590625 0.40043284999999995 0.5806727109375001 0.421563128125 0.580038803125 0.4703036359375 0.5787709859375 0.48044616875 0.5694736640625 0.478474009375 0.565881515625 0.4567802578125 0.568628453125 0.3995876390625 0.5713753890625 0.3922624765625 0.568205846875 0.3733860953125 0.569684965625 0.371977409375 0.579193590625
1 0.37093599843749997 0.55110294375 0.3739415578125 0.547721690625 0.40675223593750004 0.517102565625 0.41551844843749997 0.5135297078125001 0.4368078203125 0.5016840499999999 0.49691898749999996 0.46261179218750004 0.5076889062500001 0.452280184375 0.5204625296875001 0.4385785953125 0.53899680625 0.41998170312500005 0.5500171859375 0.40702023125000003 0.5602861781249999 0.3906775078125 0.5547759875 0.396876471875 0.52371855 0.4284498640625 0.4851472171875 0.46434750156250004 0.41251289062499996 0.510944928125 0.4024943625 0.5118841640625 0.3919749078125 0.5240942453125 0.3664276609375 0.546072390625 0.37093599843749997 0.55110294375
1 0.45559256093749995 0.530293209375 0.4964180625 0.5047497203125 0.5249708671875 0.48540143750000003 0.5620394203125 0.4611691234375 0.571557021875 0.4521524484375 0.529228740625 0.4807014953125 0.52547179375 0.48389490156250003 0.5014273265625 0.4992983890625 0.44933097968749997 0.528978278125 0.45559256093749995 0.530293209375
1 0.9375506265625001 0.514101571875 0.9559719937500001 0.514101571875 0.9981472281249999 0.4977404890625 0.9971776828125 0.4871966796875 0.9356115359375 0.5090114578125 0.9375506265625001 0.514101571875
1 0.9312485796875001 0.53264413125 0.9390049453125 0.536279928125 0.971969496875 0.530826234375 0.9986320015624999 0.5275540171875 0.999601546875 0.510465775 0.9423983546875 0.51882810625 0.9312485796875001 0.53264413125
0 0.20020970781249997 0.678667853125 0.1557186609375 0.7120361374999999 0.138496321875 0.767470546875 0.14280190625 0.7857692828125 0.1550010640625 0.7723143296874999 0.1858577578125 0.7303348749999999 0.20020970781249997 0.678667853125
0 0.0997460546875 0.7561683859375 0.1018988484375 0.7513246031249999 0.11840359062500001 0.6926610046875 0.087546896875 0.74648081875 0.0997460546875 0.7561683859375
0 0.17408009375 0.6475002359375 0.19584010624999998 0.6156373609375 0.1761524765625 0.566677334375 0.12641530625 0.50217444375 0.11501720468750001 0.4508829859375 0.1357410265625 0.4151343953125 0.169453478125 0.31746155468750004 0.1845230265625 0.2937808359375 0.1995925734375 0.28086408125 0.1708886734375 0.23511723906249998 0.1285504203125 0.2620594375 0.1263976265625 0.28627835468749996 0.089800153125 0.398761765625 0.0704250203125 0.4272862671875 0.0704250203125 0.4687705796875 0.0603786546875 0.47738175 0.0688893625 0.48976030625 0.0904172875 0.5274341765624999 0.0997460546875 0.5446565171875 0.1126628109375 0.5812539906249999 0.1341907359375 0.6049347078125 0.136343528125 0.6372265968749999 0.13203794375 0.6700566828125 0.17408009375 0.6475002359375
0 0.19376772343749998 0.527820171875 0.1834058140625 0.4990658703125 0.1471391265625 0.45865441875 0.16060961093749998 0.36073436718749996 0.1233067328125 0.45554584687500005 0.12434292499999999 0.48585443437500003 0.1502477 0.52082588125 0.19584010624999998 0.5915459203125 0.2093105890625 0.5433630359375 0.19376772343749998 0.527820171875
0 0.2022505828125 0.2768978015625 0.2590961609375 0.24323923593750002 0.2926051328125 0.23650752343749998 0.29978562656249996 0.223492878125 0.2955970046875 0.2050928609375 0.27106365 0.1956684625 0.2549075390625 0.2019513953125 0.215414821875 0.22663434374999997 0.18609447031249998 0.24323923593750002 0.2022505828125 0.2768978015625
0 0.29499863125000003 0.2016821265625 0.30277750000000003 0.207516278125 0.29440025625 0.229506540625 0.306367746875 0.22995532187499998 0.3458604640625 0.21729072500000002 0.4368133890625 0.18004191249999998 0.46254349218749996 0.168373609375 0.49306059218750004 0.1458537859375 0.5750378984375 0.083922025 0.6294899796875 0.061482979687499995 0.6629989515625 0.049365896874999995 0.6737696921875 0.024682948437499998 0.6695810703125 0.017951234375 0.6408590937499999 0.0089756171875 0.592989134375 0.0403902796875 0.585210265625 0.04532686875 0.5552915406250001 0.049814678125 0.45057600156250005 0.1337367015625 0.41048491093750006 0.1525854984375 0.388345053125 0.16335623906250002 0.30098237656250004 0.196566025 0.29499863125000003 0.2016821265625
1 0.396123921875 0.0729179171875 0.4092881609375 0.05227399687499999 0.4368133890625 0.01816665 0.44519063125 0.0033568812500000002 0.41467353124999995 0.0006641953125 0.380566184375 0.059454490625 0.3225238578125 0.1357113375 0.3045726234375 0.1603942859375 0.26986690156250004 0.192257728125 0.26978502187500003 0.1930597390625 0.29320350781250004 0.1999139296875 0.305769371875 0.1891431890625 0.35483608125 0.13125943125 0.396123921875 0.0729179171875
0 0.16930744375 0.16601149843750002 0.16583802812499998 0.1410317125 0.15959308125 0.0962762609375 0.1491848375 0.0010200078124999999 0.11796010312500001 0.0010200078124999999 0.12420505 0.04993875625 0.12281728437499999 0.1316122515625 0.13114387968750002 0.1477450296875 0.13114387968750002 0.17896976250000002 0.1360010609375 0.24716458125 0.1360010609375 0.25497076406249997 0.173470740625 0.233144675 0.16306249687500002 0.21440983593750002 0.16930744375 0.16601149843750002
1 0.10484294999999999 0.07196375625 0.04667919375 0 0.039269796875 0.0035954093749999997 0.13596241250000002 0.12501688125 0.14448321718749998 0.1402987609375 0.15004026406249998 0.1414101703125 0.148558384375 0.136981203125 0.1322577140625 0.10947382187500002 0.10484294999999999 0.07196375625
1 0.17708455781250002 0.1264228140625 0.22709797968749998 0.087245634375 0.26673824687500003 0.0539033546875 0.275999990625 0.043344965624999995 0.2559946234375 0.0550147640625 0.2396939515625 0.0711301984375 0.2122791875 0.0950255 0.1744912703125 0.12364429218749999 0.17708455781250002 0.1264228140625
1 0.16819328281249998 0.145038921875 0.228950328125 0.102805365625 0.2663677765625 0.07168590312499999 0.2663677765625 0.0669624140625 0.25006710625 0.082799996875 0.1670818734375 0.1408711359375 0.1626362359375 0.14615033125000002 0.16819328281249998 0.145038921875
0 0.16819328281249998 0.1230885875 0.175232209375 0.12697851875 0.19634898750000002 0.1053060375 0.24784428749999998 0.028613234375 0.273406703125 0.000828 0.2396939515625 0.00027229531250000003 0.21450200625 0.041394442187500005 0.190791940625 0.07307516562500001 0.1648590546875 0.1089181171875 0.16819328281249998 0.1230885875
0 0.24651350781249998 0.542787765625 0.25234321875 0.49969578906249995 0.26650108906250003 0.4484776109375 0.27940973593749996 0.43131327500000005 0.33062791406250003 0.39414886562499996 0.369353853125 0.373224365625 0.3735179328125 0.3647921046875 0.37393434062500003 0.35668464218749996 0.42182125625 0.297034203125 0.436395534375 0.26453564375 0.4692917625 0.22050050312499997 0.4963582796875 0.17615305625 0.48678089687500004 0.166471571875 0.4667933140625 0.19676525 0.43722835 0.24173730937500001 0.4147423203125 0.260787971875 0.3868429875 0.3123309484375 0.35144831249999997 0.362299903125 0.3043942125 0.38664727656250003 0.26733390625000003 0.4135055890625 0.2556744828125 0.4206886265625 0.24901195625 0.4266224390625 0.246929915625 0.43193164062499995 0.2256931109375 0.5162792359374999 0.22486029375 0.54938366875 0.21778135937499998 0.5768665921875 0.21736495156250002 0.5871726890625 0.2265259265625 0.5896711375 0.23860175625000002 0.5843619359375001 0.24318224375000003 0.5778035109374999 0.2448478765625 0.577453728125 0.25234321875 0.5537184749999999 0.24651350781249998 0.542787765625
1 0.2639327890625 0.41859180937499996 0.26590734843749997 0.4245154875 0.27248921406250004 0.422540928125 0.2925639015625 0.394161571875 0.296513021875 0.390212453125 0.2968421140625 0.3860165140625 0.3142840578125 0.34060164375 0.32119501562499997 0.331962946875 0.3198786421875 0.3206092296875 0.31132221718749997 0.3238178890625 0.30474035312500003 0.337886625 0.2925639015625 0.371464009375 0.2859820375 0.38331136718750003 0.2744637734375 0.4052783421875 0.2678819078125 0.41613841875 0.2639327890625 0.41859180937499996
1 0.32646050781249997 0.3285667046875 0.354104340625 0.30285300312499996 0.36726807031250003 0.2840946875 0.3896464125 0.2448503171875 0.4047847015625 0.22164924218749998 0.40939200781249996 0.21449146406250003 0.4044556078125 0.210789165625 0.362660765625 0.27224239375 0.3425860765625 0.29889894687499996 0.32349866875 0.32086592187499996 0.32646050781249997 0.3285667046875
1 0.30832601249999997 0.3314504640625 0.31017596875 0.3146466953125 0.347380640625 0.2753351296875 0.34984724843750004 0.27132689062500004 0.3486139453125 0.27132689062500004 0.34614733750000004 0.2716352171875 0.31017596875 0.30863433906250004 0.3056538546875 0.3106384578125 0.3066816078125 0.3161883265625 0.303392796875 0.3248214546875 0.3056538546875 0.33283793125 0.30832601249999997 0.3314504640625
1 0.3247700671875 0.280730834375 0.324564515625 0.2670103265625 0.3237423140625 0.22894748125 0.3196313 0.22971829531250001 0.3194257484375 0.25207193125 0.3183979953125 0.2920063171875 0.31202592500000004 0.322394928125 0.31880909687500003 0.3206991359375 0.3181924453125 0.31992832031249996 0.3183979953125 0.3198882375 0.320453503125 0.30647605625 0.3247700671875 0.280730834375
1 0.37386918593749996 0.3717654203125 0.3927028953125 0.3633503578125 0.42275668906249997 0.329690109375 0.45240976406250005 0.2972320125 0.47605208125000004 0.281604040625 0.4824635578125 0.27739650937500004 0.4792578203125 0.2719868265625 0.4724456265625 0.2761943578125 0.4331753375 0.3047454609375 0.38869572343750003 0.3570390609375 0.3762734890625 0.3630498203125 0.37386918593749996 0.3717654203125
1 0.478383728125 0.28002135781250004 0.5155419046875 0.2736799921875 0.5355672703125001 0.2690074078125 0.551365059375 0.2645017 0.55537013125 0.26032975 0.520882003125 0.26683799375 0.5050842140625 0.27167745625 0.48439133749999996 0.2738468703125 0.478383728125 0.28002135781250004
1 0.5215495156250001 0.24697950624999998 0.5384598234375 0.2433081890625 0.5324522140625 0.2391362375 0.52310704375 0.24080501875000002 0.5137618734375 0.2433081890625 0.5093117921875 0.246812628125 0.48372382500000005 0.2665042375 0.47749371093750004 0.26917428593750004 0.481498784375 0.27234496875 0.48728388906250003 0.271510578125 0.5115368328125001 0.25015018906250003 0.5215495156250001 0.24697950624999998
1 0.45974340468749997 0.185391884375 0.52569215 0.15941567031249998 0.5517869765625 0.14375877343750001 0.5446702046875 0.1405562265625 0.5076629968749999 0.16297405468749998 0.46591127343750005 0.1764959203125 0.4488310234375 0.181121821875 0.40802820312500004 0.21030058281250003 0.4099260078125 0.2170615140625 0.44550986249999996 0.1946436859375 0.45974340468749997 0.185391884375
1 0.46448791875 0.1679557953125 0.45404998750000003 0.1764959203125 0.46306456406249996 0.176851759375 0.4796703640625 0.1569248 0.46448791875 0.1679557953125
1 0.548268175 0.1512362984375 0.6091608390625 0.1146936734375 0.6274286375 0.10046586875 0.6452280312500001 0.0897405625 0.639138765625 0.0874570875 0.62461820625 0.0969422921875 0.5974507109375 0.1153857421875 0.5506102 0.1452465671875 0.508453740625 0.16773703906249998 0.4974462203125 0.17318224843750002 0.49557260000000003 0.18373190156250002 0.512435184375 0.174071046875 0.548268175 0.1512362984375
1 0.5463945546875 0.12505362343749998 0.5885510140625 0.09589540625000001 0.596748103125 0.0785585625 0.5920640515625 0.081720296875 0.5782461015625 0.09752896875 0.5477997703125 0.11491850781249999 0.5220374890625 0.137401953125 0.534450225 0.11562111562499999 0.5257847296875 0.121944584375 0.512435184375 0.1417932515625 0.48924913124999997 0.163753253125 0.49182535937500005 0.168847159375 0.49416738593750004 0.166156171875 0.5206322734375 0.142091859375 0.5463945546875 0.12505362343749998
1 0.634489021875 0.48925617343749994 0.7005916812499999 0.454516090625 0.7908193984375 0.4081959796875 0.79950441875 0.39951095937500003 0.78937189375 0.394444696875 0.7054166921875 0.4447454421875 0.64606905 0.4744192640625 0.634489021875 0.48925617343749994
1 0.7941872562500001 0.4067484765625 0.840024865625 0.39842533125 0.936042596875 0.3846740484375 0.99780274375 0.37200839218750004 0.99780274375 0.3676658828125 0.923507215625 0.38105528906249997 0.8574045578125 0.3915496890625 0.8009519218750001 0.40132033749999996 0.7941872562500001 0.4067484765625
1 0.79466975625 0.3966087140625 0.8043197796875001 0.394799334375 0.9244625687499999 0.3090419921875 0.996355240625 0.26416938437500004 0.9664401687499999 0.277196915625 0.96595766875 0.26887377031250004 0.8062497843750001 0.3825027921875 0.798047265625 0.39118781406249997 0.79466975625 0.3966087140625