0 0.3413546453125 0.6972297515625 0.31321720937499997 0.7183224874999999 0.285079771875 0.7558206703125 0.1959779171875 0.8683152812499999 0.233494528125 0.8542534156249999 0.33041231875 0.8273016 0.4132614765625 0.8167552328125 0.5070528765625 0.7921470625 0.6024076 0.7851161296875 0.6696248015624999 0.793318853125 0.699325390625 0.77925705 0.7196468921875 0.7288688546875 0.68369351875 0.70308883125 0.6899463015625 0.6679342609375001 0.6727511921875 0.5917660406249999 0.666498409375 0.5484087468750001 0.6133499265625 0.561298759375 0.6133499265625 0.605827875 0.5992812078124999 0.6374669796875 0.5961548171875 0.69019881875 0.580522859375 0.689026996875 0.50236333125 0.6995733640624999 0.3571480796875 0.722529003125 0.3413546453125 0.6972297515625
0 0.4695363515625 0.5741887718750001 0.5461327265625 0.5519242140625 0.619602709375 0.5120823875 0.6883830640624999 0.4628659984375 0.7384051546875 0.4382578125 0.7305892187499999 0.4077905140625 0.6852566718750001 0.40544688593749995 0.6446137546874999 0.43591416718750003 0.593028425 0.47575601093750003 0.53987994375 0.5038796640625 0.439835675 0.5331751234375 0.3976295203125 0.5484087468750001 0.392939975 0.5507523921875 0.3351018625 0.5823914953125 0.2975853375 0.6140305984375 0.3458959359375 0.6792785765625 0.4116982375 0.604656053125 0.4695363515625 0.5741887718750001
0 0.33041231875 0 0.326959509375 0.0225139015625 0.32810168906250003 0.057619607812499994 0.3235329046875 0.11669991093750001 0.2984043078125 0.2117421609375 0.2801289828125 0.425897159375 0.2687068640625 0.48840244374999997 0.2504315390625 0.5115208265625 0.24700493437499998 0.527827915625 0.25157378124999996 0.552658778125 0.24129390625 0.5826270250000001 0.24357832968749998 0.6074578875000001 0.2915510375 0.6014642375 0.36558718749999997 0.5548017375 0.34917058125 0.5226287546874999 0.3632393 0.47224054375 0.3554233640625 0.42419597812500004 0.347607428125 0.3491995796875 0.347607428125 0.232029115625 0.3632393 0.11367544062499998 0.3679289296875 0.0164144859375 0.3679289296875 0 0.33041231875 0
1 0.7466244109375 0.4375903796875 0.7922832703125 0.42154630624999995 0.8350884796875 0.4028281984375 0.8493568828125 0.4001541765625 0.8621984406250001 0.3942713578125 0.87646684375 0.3883885234375 0.872899753125 0.378762075 0.8514971296875 0.37394885 0.8400824140625 0.3734140453125 0.8258140109375001 0.37608805312500004 0.815826140625 0.3851796984375 0.8015577374999999 0.389992921875 0.78372224375 0.398549778125 0.7551854375 0.40871103125 0.7375129312500001 0.41400433750000004 0.7466244109375 0.4375903796875
1 0.8721863109375001 0.37608805312500004 0.8864547140625 0.3707400234375 0.8978694296875 0.360578784375 0.9214123000000001 0.3482783140625 0.944955171875 0.34399989375 0.975632225 0.330095025 0.9542296390624999 0.33651264687500004 0.9363941062500001 0.34132587187499996 0.9107109890625 0.345069503125 0.89002180625 0.36164837968749997 0.8569093875 0.3726007265625 0.8721863109375001 0.37608805312500004
1 0.84507635 0.4028281984375 0.8572045062500001 0.40817622656249997 0.9028633640624999 0.4006889796875 0.9513759515625001 0.3846449078125 0.9891871859375 0.3723444375 0.99917505625 0.366461603125 0.9948945625000001 0.366461603125 0.9613638218749999 0.37555324843750004 0.8957291828124999 0.3948061625 0.8650521296875 0.4017585890625 0.8562674703125 0.39907977968749997 0.84507635 0.4028281984375
1 0.6581603421875 0.3696704296875 0.64745903125 0.365392009375 0.637471159375 0.3696704296875 0.6446053609375 0.392132140625 0.6595871875 0.4258247125 0.6713955375 0.4101528390625 0.6567334984375 0.3798316828125 0.6581603421875 0.3696704296875
1 0.7494780999999999 0.3060289015625 0.754472034375 0.28463678593749997 0.7387767875 0.24775438906249997 0.7344962546875 0.1899956875 0.74020363125 0.16485996249999998 0.71023998125 0.1578148640625 0.7023923578125 0.1877638046875 0.7066728906249999 0.2316176453125 0.708099734375 0.28194943437500003 0.7088131359375 0.32099003593750003 0.6981118640624999 0.37136556249999997 0.6838434609374999 0.4023841265625 0.7330694109375 0.406037009375 0.741630475 0.33276903125 0.7494780999999999 0.3060289015625
1 0.658994684375 0.3698796609375 0.6845568625 0.3210592 0.707756984375 0.27392593593750003 0.725221825 0.229607946875 0.738063384375 0.1932413515625 0.7502881734375 0.15878305625 0.7576895796875001 0.146707246875 0.7485466578125 0.13593692968749999 0.7209412937499999 0.22001638437499998 0.709526578125 0.2499653375 0.6866971484375 0.3029108078125 0.6745689921875 0.324837728125 0.6498517625 0.3646576921875 0.658994684375 0.3698796609375
1 0.6319979234375 0.3526053203125 0.63049299375 0.3578700203125 0.6129353640625 0.3394435515625 0.5873514265625001 0.31236793125 0.581331653125 0.30033431718750003 0.5652789796875 0.2924372671875 0.5692921625 0.30334271875 0.58584646875 0.32289734062500003 0.6129353640625 0.3544855671875 0.62798476875 0.368023378125 0.63550944375 0.370655728125 0.647678628125 0.36457019062499996 0.6370144015625 0.35185321875 0.6319979234375 0.3526053203125
1 0 0.13458794999999998 0.009818903125 0.137766740625 0.0276287859375 0.1237800984375 0.0573119703125 0.1008928796875 0.13533629375 0.057025715624999994 0.20827205937499998 0.0188803375 0.2328666859375 0.0029864390625 0.218449175 0 0.143817178125 0.038588784375000004 0.07172948125 0.0780056609375 0.0129142078125 0.1172872328125 0 0.1237800984375 0 0.13458794999999998
1 0.022540275000000002 0.1269588890625 0.009818903125 0.144124303125 0.093779853125 0.1142437640625 0.141272921875 0.10216439531249999 0.19300643125 0.09135654374999999 0.2014873625 0.083727465625 0.2108163609375 0.076098403125 0.2235376875 0.057025715624999994 0.24558805781249998 0.026509417187500002 0.26848649999999996 0.00235068125 0.2574613140625 0 0.243891871875 0.015701565625 0.2226896171875 0.0328669796875 0.2048796875 0.063383278125 0.1845255484375 0.0780056609375 0.1522981078125 0.090085028125 0.1039569234375 0.100257121875 0.0657928546875 0.11170073124999999 0.0373330671875 0.12186576874999999 0.022540275000000002 0.1269588890625
1 0.3632417859375 0.49715455156250005 0.3737273546875 0.4900088046875 0.388979078125 0.4785755984375 0.429014884375 0.474288159375 0.44903281406250006 0.468571565625 0.4528457046875 0.4607112421875 0.42138904843749997 0.4585675328125 0.372173634375 0.4695449984375 0.3632417859375 0.49715455156250005