0 0.26846747187500003 0.7591346171875 0.30845198906250004 0.7445688296874999 0.3381547734375 0.7548505624999999 0.353006165625 0.7599914296875 0.40213 0.7574209953125 0.42954795468749996 0.7368575296875 0.453538665625 0.7351439078124999 0.46724764218750003 0.7342870968749999 0.49123835312499997 0.72057811875 0.5563559953125 0.6725966984375 0.660315740625 0.6169039781250001 0.663742984375 0.5783474796875 0.635182615625 0.5723498015625 0.5654953140625001 0.6194744109375 0.47752937656250005 0.6871624875 0.450111421875 0.692303353125 0.43411761406249993 0.6914465421875 0.3952755125 0.72057811875 0.376996875 0.7231485531249999 0.362145484375 0.717150875 0.32330338125 0.717150875 0.2753219609375 0.7257189859375 0.26846747187500003 0.7591346171875
0 0.2410495171875 0.8002615499999999 0.3541485796875 0.7882661953125 0.399845171875 0.7779844625 0.4181238078125 0.7728435953125 0.4638203984375 0.7788412734375 0.5392197734375 0.7617050515625 0.6089070750000001 0.7548505624999999 0.63061295625 0.7402847734375 0.6077646609375 0.7137236312499999 0.5757770468750001 0.7325734749999999 0.4763869609375 0.7505665078125 0.41926622187499996 0.7445688296874999 0.3849937796875 0.756564184375 0.327873040625 0.760848240625 0.29017335312500003 0.7625618625 0.2410495171875 0.8002615499999999
0 0.3344760453125 0.6333274234374999 0.312705415625 0.614525515625 0.3008305265625 0.6085880718750001 0.279059896875 0.567520746875 0.2724627359375 0.533380440625 0.2909347859375 0.5095712875 0.275761315625 0.5006651203125 0.2678447234375 0.5100660734375 0.260587846875 0.5239201109375 0.251351821875 0.5422272328125 0.2770807484375 0.601601678125 0.302809675 0.6456872046875 0.3153442796875 0.692691975 0.3239205890625 0.7006085671875 0.360204971875 0.6971450578125 0.360204971875 0.69468101875 0.3483300828125 0.6595511375 0.3344760453125 0.6333274234374999
0 0.352987678125 0.6411648515625 0.4031261 0.6020865703125 0.445347928125 0.5768524296875001 0.467778275 0.559040096875 0.4895489046875 0.5437016984375 0.49218776875000003 0.5298476609375 0.5139583984375 0.49521256718749995 0.5594788078125 0.4600826859375 0.5871868828125 0.44771300937499997 0.614235240625 0.4373224828125 0.6412836000000001 0.4269319546875 0.6366260046875001 0.41604663906250006 0.5304117171875 0.44771300937499997 0.4934676171875 0.4903240703125 0.46839840781250003 0.526443525 0.4453083453125 0.5422767109375 0.40968367812500006 0.5704795734375 0.3298580328125 0.6224322124999999 0.352987678125 0.6411648515625
0 0.6657062890625001 0.6139515624999999 0.682199190625 0.60801411875 0.90254435625 0.549134459375 0.9282732828125001 0.53923871875 0.9282732828125001 0.521921171875 0.9038637890624999 0.5095514953125 0.8629613921875 0.5328064875 0.7336438484375 0.562988496875 0.6736096875 0.5803060437500001 0.6657062890625001 0.6139515624999999
1 0.9295399375000001 0.5145785328125 0.9737409140625 0.49379747656250006 0.9955115453125 0.48439652187500004 0.999469840625 0.471532059375 1 0.443329196875 0.9862755203125 0.44778227968750006 0.90974845625 0.5081463 0.9295399375000001 0.5145785328125
1 0.932178803125 0.5412970328125 0.9480119874999999 0.5442657546875 0.9974906921875 0.5373387359375 0.999469840625 0.5234846984375 0.9381162468750001 0.5279377828125 0.932178803125 0.5412970328125
1 0.6827603296875 0.5810965984375 0.7497210625 0.5030933234375 0.8202689765625 0.41924294218749997 0.8382048875000001 0.3999618375 0.9135357109375001 0.2941579015625 0.9506032609374999 0.2219658609375 0.9697348984374999 0.2058235421875 0.95478830625 0.18609404062499998 0.9266887125000001 0.23997351562499997 0.8334219781250001 0.3807255734375 0.7258065140625 0.5138638375 0.6708030546875 0.5752943312500001 0.6827603296875 0.5810965984375
0 0.55240213125 0 0.522508946875 0.082971521875 0.52131321875 0.14216002656249999 0.4997901265625 0.277629959375 0.5015837171875 0.3659732875 0.52071535625 0.42022941718749995 0.57153376875 0.5471439203124999 0.591861134375 0.5982612656249999 0.6169953234375 0.5779578140625 0.5948743671875001 0.5367052203125 0.551206403125 0.4031185578125 0.5422384484375 0.38473425 0.5260961281250001 0.35560633125 0.5231068109375 0.289691859375 0.5159324468750001 0.2731011421875 0.5404448578125 0.0798596421875 0.5781102687499999 0 0.55240213125 0
1 0.64088595625 0.42882071718750003 0.6510496390625 0.42299154687499996 0.6606154578125001 0.42030116093750003 0.727576190625 0.39474248749999996 0.746707828125 0.39160370312500004 0.8483446546875 0.3449703359375 0.856714746875 0.341383153125 0.8608997921875 0.3288280171875 0.8453553375 0.332863596875 0.7748074218750001 0.3691300078125 0.7347505546875001 0.379891553125 0.7198039625 0.38392713437500003 0.6480603203124999 0.4148665796875 0.639092365625 0.412624590625 0.64088595625 0.42882071718750003
1 0.6430638953125001 0.430983275 0.704817415625 0.43297510937499994 0.7396745265625 0.43073429531249996 0.746977921875 0.42924041874999996 0.755941178125 0.43073429531249996 0.7678921875 0.4332240890625 0.7828309499999999 0.432228171875 0.821007784375 0.4374567390625 0.8422540234375001 0.438701634375 0.888730171875 0.44243632499999996 0.9395219609375 0.4352159234375 0.8907352843749999 0.43994653125000005 0.8199720312500001 0.4337220484375 0.784450975 0.42849348125000003 0.7665244609374999 0.4294893984375 0.758557121875 0.42749756406249995 0.7515856999999999 0.4257547078125 0.737974828125 0.424758790625 0.7246959281249999 0.42675062500000005 0.6788837265625001 0.4282445015625 0.655977625 0.42500777031250003 0.6430638953125001 0.430983275
1 0.2470487328125 0.4431119671875 0.24089062656250002 0.4322447203125 0.2260387234375 0.40779341718750006 0.2140847515625 0.3952960828125 0.22425649375 0.41592755 0.23584822343749998 0.4341193203125 0.25649599218749997 0.485467059375 0.264827546875 0.5082882765625001 0.2734923640625 0.5009800531249999 0.2593649453125 0.47218185156250003 0.2470487328125 0.4431119671875
1 0.29815376875 0.5134773874999999 0.2923579046875 0.4909441515625 0.2890977296875 0.4817069921875 0.2948935953125 0.4567123265625 0.301776184375 0.4466601234375 0.3553879328125 0.40508203906249995 0.4133465796875 0.3781584359375 0.45356988125 0.36240092968750004 0.44270263437499996 0.35995579843750003 0.40321830625 0.3776150734375 0.346346384375 0.4047831890625 0.325336375 0.42108405937500004 0.28548980468749996 0.4517840296875 0.28005618125 0.492807884375 0.2804184234375 0.500143275 0.28693877031250004 0.51236349375 0.301066190625 0.559652315625 0.3097599875 0.5996003140624999 0.31012222968750003 0.6142710953125 0.3162803359375 0.6142710953125 0.3188015375 0.5985135890625 0.3097454984375 0.5623799953125 0.29815376875 0.5134773874999999
1 0.26991341874999997 0.556674690625 0.227168915625 0.514558678125 0.18113526093750001 0.473246840625 0.18584440156249998 0.44472032031250003 0.179324053125 0.475691971875 0.2046809609375 0.50123 0.25684374375 0.5476766109375 0.29306789843750003 0.5876083078125001 0.30719531718750004 0.6052675828125 0.3097599875 0.5996003140624999 0.2992549828125 0.5846578499999999 0.26991341874999997 0.556674690625
1 0.633137034375 0.7318626140625 0.6762908296875 0.6835561265625001 0.7271736640625 0.6289697953125 0.75680164375 0.5632439875 0.79673500625 0.5047931375 0.8218543796875 0.45938503906249994 0.8733812999999999 0.41977371874999997 0.875957646875 0.4004511234375 0.8057522171875 0.4685632703125 0.7857855359375 0.4869197359375 0.7413435671874999 0.55455848125 0.709783328125 0.6043141624999999 0.6878843875 0.6284674078125 0.6563241484375 0.6767738953125 0.61896713125 0.7144529562499999 0.633137034375 0.7318626140625
1 0.6795112624999999 0.485499525 0.6711381375000001 0.49516082343749995 0.6460187640624999 0.5497471546875 0.637001553125 0.5613407109375 0.6466628515624999 0.5734173328125001 0.6543918890625 0.571002009375 0.6621209265625 0.5386366625 0.6795112624999999 0.485499525
1 0.5790337671875 0.599019771875 0.49014982968750004 0.4434632203125 0.47920035937499994 0.42848820937500004 0.5068960796875001 0.494668096875 0.560355259375 0.583552034375 0.576457421875 0.613985121875 0.59449184375 0.6888698390625 0.5932036703125 0.7255827703125 0.6054413140625 0.71495534375 0.5977122765625 0.6560214281250001 0.5790337671875 0.599019771875
1 0.7220209718749999 0.7352440671875 0.7200887125000001 0.7086755 0.74069948125 0.6647165953124999 0.7754801515625 0.6168931718749999 0.81283716875 0.58307863125 0.8405328890625 0.567137490625 0.8263629859374999 0.5690697499999999 0.8051081312499999 0.5743834640625 0.7394113078125 0.6429786765625 0.7168682796875 0.6922512937499999 0.7046306359375001 0.6961158125 0.70398655 0.7294472890625 0.7220209718749999 0.7352440671875
0 0.625407996875 0.7497360140625 0.6421542453125 0.755049728125 0.6853080406250001 0.7560158578125 0.7130037609375 0.7458714953125 0.726529578125 0.751185209375 0.72395323125 0.7362101984375 0.70012203125 0.7294472890625 0.6923929921875 0.7400747171875001 0.6627650140625 0.7434561703125 0.6363574671875 0.7415239109375 0.625407996875 0.7497360140625
1 0.727590425 0.7338191828125 0.78312449375 0.7013458703125 0.8734850125 0.66075423125 0.93560786875 0.644870546875 0.979846871875 0.63992895625 0.9920831921875 0.6289868625 1 0.618750709375 0.9426672843749999 0.632869540625 0.8880744703125 0.646988371875 0.8123034109375 0.6805276546875 0.723354775 0.7281787093750001 0.727590425 0.7338191828125
1 0.772770684375 0.625810125 0.8061852500000001 0.6162799140625 0.865484340625 0.5912189890625 0.8908982359375001 0.578512040625 0.7774769609375001 0.618750709375 0.772770684375 0.625810125
1 0.7290023078125001 0.7355840359375 0.7595931078125 0.7341721531250001 0.8311285187499999 0.7267597671875 0.8894863531249999 0.6812265375 0.9092527171875 0.6653428515625001 0.925254059375 0.65969531875 0.9709049453124999 0.6713433546875 0.9243128031250001 0.6565185828125 0.9054876953125 0.6604012609375001 0.8311285187499999 0.7211122343749999 0.800067090625 0.7267597671875 0.7388854890625 0.7317013578125 0.7290023078125001 0.7355840359375
1 0.844776721875 0.6872270406250001 0.8499536265625001 0.692874571875 0.8880744703125 0.7122879656250001 0.9167827609374999 0.71511173125 0.9440791671875 0.7094641984375001 0.9807881281249999 0.6935805140625 0.983141265625 0.68581515625 0.9341959843750001 0.708052315625 0.9130177390625001 0.7098171703125 0.8819563109375 0.7055815203125 0.852306765625 0.6882859515625 0.844776721875 0.6872270406250001
1 0.43033107499999995 0.65765285625 0.41614878906249997 0.6567411375 0.40075087812500004 0.6537020765625 0.39750921250000004 0.6160177171875 0.39264671406249996 0.6482317671875 0.39345713125000004 0.6597801999999999 0.41088108281249996 0.6625153546875 0.42506336874999995 0.6643387921875 0.43114149062499996 0.6698091015625 0.4360039890625 0.6929059671875 0.44532377656250005 0.69108253125 0.441676903125 0.6685934765625 0.43033107499999995 0.65765285625
1 0.48462896874999994 0.6655544156250001 0.48179251250000005 0.6254388078125 0.4927331328125 0.6178411546875 0.5056997937500001 0.6126747499999999 0.51745083125 0.6108513125 0.522313328125 0.6132825625 0.5551351906249999 0.6184489656250001 0.5701278921874999 0.6160177171875 0.529607075 0.6120669375000001 0.51501958125 0.604773190625 0.4793612625 0.6181450609375 0.4692310578125 0.6299973984375 0.4769300140625 0.6685934765625 0.48462896874999994 0.6655544156250001