0 0.542397340625 0.7927791875 0.6000759 0.7580990828124999 0.6721741375 0.7256484999999999 0.7169509234375 0.7017375375 0.744272375 0.6937672234375001 0.7700759234375 0.68921275 0.8163705625000001 0.6721334890625 0.8518691609375001 0.6696702906249999 0.8417598156249999 0.65450325625 0.7924765421875 0.6563991312499999 0.7318202953124999 0.6696702906249999 0.6875917796875 0.696212640625 0.6180898140625 0.722754959375 0.601662084375 0.725598803125 0.5199770484374999 0.765282509375 0.542397340625 0.7927791875
1 0.8499123484375 0.66379164375 0.87533155 0.6601752671875001 0.926169984375 0.645381 0.9638605546875001 0.632559296875 0.998483284375 0.618093796875 0.99935980625 0.6049433328125 0.9743788515625 0.6151349421875 0.9423857171875 0.6299292015625 0.8963681421875 0.6424221453125 0.872701984375 0.6489973765625 0.844116846875 0.6522562296875 0.8499123484375 0.66379164375
1 0.8494740734375 0.6726681984375 0.85517148125 0.6746407718749999 0.8801524374999999 0.67727085625 0.91039255625 0.6792434296875001 0.9165282109374999 0.681544765625 0.9393178750000001 0.6891062781249999 0.95597185625 0.69075008125 0.9787614906250001 0.691078840625 0.99935980625 0.69239389375 0.9997980828124999 0.6854899015625 0.9857736984375001 0.6858186625 0.9616692640625001 0.6841748484375 0.9410709203125001 0.681873525 0.926169984375 0.6766133359375 0.9274847828125001 0.6739832515625 0.9226638953125 0.671024396875 0.885849846875 0.670038103125 0.8576141921874999 0.6663561359375 0.8494740734375 0.6726681984375
0 0.49647513125 0.6649584671875 0.5094106671875 0.6261441046875 0.5061767828125 0.572774359375 0.4989005171875 0.543663596875 0.51264455 0.486655003125 0.5231547546875001 0.4541333515625 0.5360902890625 0.4292679171875 0.4989005171875 0.4128930984375 0.47060395312500003 0.4128930984375 0.41158538437500003 0.43048086249999995 0.4172447078125 0.48385060625 0.419670146875 0.5263038046874999 0.41077694062500003 0.5457109875 0.363076990625 0.5808864953125 0.3840973171875 0.6306239062500001 0.38894814375000003 0.6615540859375 0.3768210515625 0.80645670625 0.50698528125 0.7613879031249999 0.49647513125 0.7347030109375 0.49647513125 0.6649584671875
1 0.2551224140625 0.74922224375 0.3222587796875 0.8071862765625 0.35956639687499997 0.8351724953125 0.361005903125 0.8099744093749999 0.2918573984375 0.7606250046875 0.2538556515625 0.7178646421875 0.23992168125000002 0.7292674031249999 0.2551224140625 0.74922224375
1 0.583759725 0.48769153593750003 0.602959734375 0.48080321093749995 0.590437978125 0.4664003484375 0.57541185 0.4664003484375 0.54953353125 0.4870653265625 0.501950828125 0.5484340296875 0.5136378296874999 0.5791184015625 0.546194403125 0.5258904234374999 0.583759725 0.48769153593750003
1 0.605857965625 0.48167196875 0.6808841171875 0.451015009375 0.7949482734375 0.40663106562499995 0.8162971750000001 0.40068268749999997 0.8309364218749999 0.40159783281249994 0.8400859453124999 0.38878596249999997 0.835206209375 0.37094087343750004 0.8059277171874999 0.385125425 0.6741744609375 0.4350001828125 0.596508734375 0.4680220046875 0.605857965625 0.48167196875
1 0.841330909375 0.38541378125 0.8494734921875 0.3818775 0.933041890625 0.329697371875 0.9788973671875001 0.302050071875 0.9857542703125001 0.3004426765625 0.9998966156250001 0.2956204765625 0.997753828125 0.26925910000000003 0.9878970578124999 0.27601017968749997 0.948469915625 0.300427775 0.8854721671875 0.34125576562500004 0.8357918328125 0.371603046875 0.841330909375 0.38541378125
1 0.8323312484375001 0.40116630625000005 0.8374739046874999 0.40438110937499994 0.8927576390624999 0.397951503125 0.9566124687500001 0.3921648671875 0.9990395062499999 0.38444934375 0.9986109375 0.3770553 0.9634693703125 0.38348489531249996 0.877329615625 0.39055745937499997 0.8419196671875 0.394702625 0.8323312484375001 0.40116630625000005
1 0.6350464734375 0.37065766718750004 0.647903140625 0.3442962953125 0.6860446328124999 0.30314683124999997 0.715614975 0.2674982875 0.7121865390625 0.24917391718749998 0.674045075 0.28968041875 0.6513316062500001 0.2996012578125 0.646188921875 0.314389340625 0.6354750421875 0.3201759875 0.600333446875 0.40697564843749995 0.5664775296875 0.4713266140625 0.5845506406250001 0.46458114375 0.6123330046875 0.40568423124999997 0.6350464734375 0.37065766718750004
0 0.5382792656250001 0.4282598828125 0.587991746875 0.40189851093750006 0.6021340937499999 0.3973977921875 0.603419771875 0.3996481453125 0.6179906578125001 0.3539979609375 0.578134946875 0.374572696875 0.5507073921875001 0.38132378125 0.498760965625 0.40872357968750006 0.5382792656250001 0.4282598828125
0 0.6321330046875 0.3829311828125 0.656560690625 0.39064670625 0.681416946875 0.43115320781250005 0.7041304140625 0.42343768437499996 0.7002734078125 0.4163651203125 0.6852739531250001 0.38871782499999996 0.6865596015625 0.3845385796875 0.679702728125 0.3787519375 0.675845721875 0.373286775 0.6672746 0.3697504921875 0.660846265625 0.3646068078125 0.646300353125 0.35251248749999997 0.6321330046875 0.3829311828125
1 0.7058557828125 0.44251886718750005 0.7101937828125 0.45329823906250005 0.7177853187500001 0.454111775 0.72158106875 0.4593997703125 0.7264613375 0.4655013 0.7259190875 0.46875545 0.731612721875 0.4736366765625 0.747066909375 0.4862465078125 0.75113379375 0.4903141953125 0.75004929375 0.4939751109375 0.7644189453125 0.5147203140625 0.768485846875 0.5204150796875 0.777433 0.52448276875 0.8069857062500001 0.5419738203125 0.80861245625 0.549092271875 0.8159328578125 0.5507193546875 0.8210842421875 0.5462448984375 0.825151125 0.543600903125 0.785842421875 0.520211696875 0.7801487703125 0.5139067796875 0.774184003125 0.510042475 0.7657790999999999 0.4996735 0.760688721875 0.4845704265625 0.7476191796875 0.47565761875 0.7351437265625 0.45382125625 0.7327674546875 0.4422346015625 0.71817950625 0.43818073125 0.7058557828125 0.44251886718750005
1 0.6838945953125 0.45127570468749995 0.6882325953125 0.45534339375000005 0.6838945953125 0.468970146875 0.6809182203125 0.47122766718750003 0.6372669796875 0.487498415625 0.6318444609375 0.4905491859375 0.6318444609375 0.49400671718750006 0.6291331921875 0.4990913234375 0.620999425 0.5090571625 0.5637857265624999 0.5544101375 0.526370359375 0.5682402734374999 0.5212189765625 0.5698673515625 0.5374865203125 0.5676301234375 0.55212730625 0.562545515625 0.5621589765625 0.5584778265625 0.5692082453125 0.5574609015624999 0.5762575125 0.5560372140625 0.6142151218749999 0.5279701671875 0.6228911578125 0.5224787921875 0.635091809375 0.510682496875 0.6432255953125 0.49603882343750005 0.6478347296875 0.49420836562500003 0.69472655625 0.4794223796875 0.7004202078125 0.47088023437500004 0.7028603234374999 0.4580670171875 0.7104518609375 0.45155871718749996 0.706200409375 0.4431072921875 0.6860635953124999 0.44985201874999997 0.6838945953125 0.45127570468749995
1 0.696234471875 0.47965634375 0.71428498125 0.491190878125 0.7151763625 0.5028754078125 0.7116108265625 0.508893425 0.6904404875 0.5316281515625 0.6866521140625 0.5353058296875 0.69021765 0.5419925171875 0.689994796875 0.572393503125 0.68954910625 0.6008137109375 0.6855378828124999 0.6202050953125 0.6810809671875 0.6375904796875 0.6772925953125 0.6471190046874999 0.6813038203125 0.64895784375 0.68732065625 0.6243699 0.6944517109375 0.6021366718750001 0.6944517109375 0.5902678078125 0.69378316875 0.5783877265624999 0.6933374796875 0.536097421875 0.7118336796875 0.5128611937499999 0.722307415625 0.5058401734375 0.720301803125 0.48912346093750003 0.6991314640625 0.4757500921875 0.696234471875 0.47965634375
1 0.8082899921875001 0.5472600640625 0.8065618046875 0.549420721875 0.8063697921875 0.561376359375 0.8086740328124999 0.5810751749999999 0.8146266750000001 0.5835239203125 0.8290282250000001 0.5998008718750001 0.8355569328125 0.6131969500000001 0.8369010671874999 0.6198229656249999 0.8405494687499999 0.6216955343749999 0.846502109375 0.6216955343749999 0.84074148125 0.60715784375 0.8238436640625 0.58468700625 0.8153947546874999 0.57561224375 0.8146266750000001 0.5658172640625 0.8152732703125001 0.5511062890625 0.8082899921875001 0.5472600640625
1 0.8262319890625 0.5463086671874999 0.8404945250000001 0.549465753125 0.859667121875 0.5519212625 0.8713577234375001 0.5542013781249999 0.912742459375 0.5684082625 0.9377603656250001 0.5761255750000001 0.95015239375 0.578931875 0.94687905 0.576827159375 0.9260697640625001 0.5698114078125001 0.8968432375000001 0.5598139734375 0.8758001484375001 0.5531490203125 0.8753325249999999 0.548939575 0.8680843484375 0.549641146875 0.8526527484375 0.54736103125 0.8258052593749999 0.5431706703125 0.8262319890625 0.5463086671874999
1 0.56522400625 0.561011959375 0.5563457234375 0.599718853125 0.5508496390625 0.604158871875 0.5445080046874999 0.6149417796875001 0.5115314640624999 0.6441190640625 0.509840365625 0.650144809375 0.5153364515625001 0.6656848796875 0.521255325 0.6656848796875 0.5208277078125 0.646699028125 0.5573674953125 0.611487425 0.563832234375 0.606216221875 0.5674862109375 0.5935653484375 0.5756823890625 0.5569748875 0.56522400625 0.561011959375
0 0 0.23376276406250002 0.1149792265625 0.32753684375000003 0.157950565625 0.3583064734375 0.2702620375 0.4762713578125 0.36206442499999997 0.5781041484375 0.4040094984375 0.547133490625 0.3776903828125 0.527526359375 0.3015138890625 0.4484044609375 0.21850109999999998 0.35463038125 0.162833690625 0.30554549375 0 0.18394526718749998 0 0.23376276406250002
0 0.4421473921875 0.2960492640625 0.4353110296875 0.2799318421875 0.448983753125 0.230867075 0.4528902265625 0.146616909375 0.4509369890625 0.044838704687499994 0.4450772140625 0.0038125406250000002 0.4167552484375 0 0.4167552484375 0.0528974171875 0.41480194687500005 0.09465618906249999 0.41577859687499996 0.1202975515625 0.41577859687499996 0.173778075 0.40991888750000005 0.22286294999999998 0.396246165625 0.24557386874999998 0.37573714687500004 0.2580282265625 0.369877371875 0.272680434375 0.3669475484375 0.27707610625 0.3855033296875 0.29099570468749997 0.36108783906249997 0.341505046875 0.3776903828125 0.3524941890625 0.389409803125 0.356157253125 0.4040591125 0.390589921875 0.41284870937499996 0.430150871875 0.4792030078125 0.41020610937499996 0.4763291328125 0.34659935625 0.4421473921875 0.2960492640625
1 0.3345654640625 0.0975022703125 0.3199021125 0.0768229015625 0.2741525234375 0.033264221875 0.26066223593750004 0.0253444640625 0.2712198453125 0.042943928125 0.299959996875 0.08342269531249999 0.31696943437499997 0.101462153125 0.351574940625 0.1815397296875 0.36917093125 0.2611570734375 0.387353471875 0.24528036874999998 0.36741131562499996 0.185002196875 0.3345654640625 0.0975022703125
1 0.248352115625 0.2399964515625 0.22078502812499998 0.2338366421875 0.1885256875 0.2259168765625 0.11168982187500001 0.17619838906250002 0.052449924999999994 0.1392395078125 0 0.120772146875 0.0008349812499999999 0.13397174375 0.0729786125 0.1687306859375 0.14218954687500002 0.212289365625 0.2196119640625 0.2567280140625 0.2794383921875 0.2580479703125 0.308178503125 0.2567280140625 0.36624531562499996 0.274327471875 0.362632275 0.25504909375 0.3058323765625 0.23911648125 0.248352115625 0.2399964515625
0 0.4752103265625 0.33718911406249996 0.4828738765625 0.30687729531249996 0.5511491265624999 0.1819561921875 0.5678695968749999 0.15268960625 0.5784221546875 0.14913406093749998 0.5774305890625 0.13276940937499998 0.5456992875 0.12086785468750001 0.5385884515625 0.13487442656249998 0.526269965625 0.124793684375 0.526269965625 0.1277338984375 0.530189490625 0.1415949234375 0.5374685921875 0.155455946875 0.5217905296875001 0.1916422921875 0.4736364421875 0.276068525 0.458273853125 0.31738602031249996 0.4752103265625 0.33718911406249996
1 0.5810954703125 0.14455526093749999 0.6680068796875 0.0751617890625 0.7094954765625 0.0397464640625 0.7309550703125 0.020697312500000002 0.7538452999999999 0.014258159375000001 0.7849617484375 0.0003066703125 0.7488380968749999 0.0011115609375 0.7327433531249999 0.003257946875 0.7137873859375 0.0096970953125 0.6908971328125 0.0333073078125 0.6336754874999999 0.0814844234375 0.5728216546875 0.1289714578125 0.5810954703125 0.14455526093749999
1 0.5768035375 0.0793588734375 0.561424159375 0.0637671609375 0.5567745796875 0.0624256703125 0.5535556359375 0.093548228125 0.5492637031250001 0.1214512078125 0.5708546890624999 0.1281689359375 0.5732269453125001 0.08660291249999999 0.5768035375 0.0793588734375
1 0.500823184375 0.0008354031249999999 0.5290895828125 0.030602518750000002 0.554366275 0.052825915625 0.5451253281249999 0.017350034375 0.5260998765625 0 0.500823184375 0.0008354031249999999
1 0.6671040875 0.1085879578125 0.6028011921875 0.0734486640625 0.5742694265625 0.043739985937499996 0.564900790625 0 0.53849826875 0.0000113609375 0.5512736984375 0.0325950671875 0.558513090625 0.06038705625 0.6091888921875 0.099679175 0.6692333296874999 0.1328870953125 0.702449384375 0.149498390625 0.7348137765625 0.174734790625 0.7518476640625 0.165769171875 0.7101146375 0.1303104296875 0.6671040875 0.1085879578125