0 0.689920821875 0.8086656624999999 0.6524378937499999 0.7296000359375 0.570443909375 0.67513263125 0.5610731328125 0.6224222140625 0.5774718578125 0.5082163078125 0.55404500625 0.35535608281250003 0.5353036312499999 0.29386059531250003 0.5282755031249999 0.220065996875 0.514219428125 0.0742338375 0.5071913015625 0.0724768328125 0.5025060015625 0.244664184375 0.5048486515625 0.336028921875 0.5282755031249999 0.466047946875 0.530618153125 0.5907959765624999 0.5025060015625 0.6276932421875 0.5353036312499999 0.701487840625 0.6219829140625001 0.7875814828125 0.72271845 0.9088154703125 0.818768509375 1 0.8820209390624999 0.999740928125 0.7883135296875 0.8965163593750001 0.689920821875 0.8086656624999999
1 0.42086848281250006 0.6542363984375 0.38195066093749996 0.6383913031249999 0.3441447578125 0.6333875796874999 0.32079408125 0.6267159437500001 0.18291377656250002 0.5399847984374999 0.0027798437499999998 0.40190297968750005 0.0161230640625 0.42441970937500006 0.151779484375 0.5319997046875 0.2273912890625 0.584538759375 0.3285776125 0.6470852609375 0.360823825 0.65208896875 0.375278965625 0.6504210875 0.50759958125 0.6970390671875 0.53984579375 0.7053786 0.55763678125 0.6976019796874999 0.4975921234375 0.680088971875 0.42086848281250006 0.6542363984375
1 0.356828053125 0.7255210859375001 0.302141759375 0.7460284453125 0.249017909375 0.7677076578124999 0.2083938296875 0.7870431640625 0.1271456125 0.7946602015625001 0.0025780734375 0.8123111796875 0.00023435156250000002 0.8234437328125 0.079920128125 0.808209703125 0.14007502656249998 0.8017645312499999 0.191636375 0.7970771265625001 0.2056985890625 0.7953193578125 0.2205420234375 0.7941475046875001 0.284603084375 0.767194971875 0.31428995312499997 0.7525468578125001 0.37053868749999996 0.7332113515625001 0.41897509375 0.7203210078125 0.47991133125 0.7127039921875 0.516629246875 0.7080165953125 0.5306914609375 0.7056728984375 0.5099496593749999 0.699593928125 0.4146392875 0.711458909375 0.356828053125 0.7255210859375001
1 0.0583971359375 0.8648246593750001 0.000742146875 0.9081830859375 0.0054295609374999994 0.9187297234375 0.075740509375 0.8718557578125001 0.11714586874999999 0.8449032265625 0.144489015625 0.83552843125 0.209331296875 0.7992011031249999 0.1935503953125 0.800665915625 0.12167697656250001 0.8325988078125001 0.0583971359375 0.8648246593750001
1 0.39143894375 0.5259562265625 0.32641164843750003 0.4943988609375 0.277959884375 0.47336060468749996 0.1963569609375 0.45519121093750003 0.1504553453125 0.446584659375 0.0956284046875 0.4312841109375 0.048451715625 0.41502727500000003 0.0210382203125 0.4232274328125 0.0822404375 0.44139680625000005 0.1561930109375 0.4633913328125 0.22377045624999997 0.47869189843750004 0.314298659375 0.510249265625 0.39335153125 0.5427629375 0.46730410468750005 0.5953585593749999 0.5093806421875 0.617353084375 0.5240436828124999 0.593852396875 0.4500910125 0.5536884609375 0.39143894375 0.5259562265625
1 0.615667784375 0.620674515625 0.5924106203124999 0.5489650390625 0.541589484375 0.5186015734375 0.4881842625 0.46307518593749997 0.3796509953125 0.3418635765625 0.289206621875 0.2695080859375 0.1354081328125 0.1250393484375 0.0130928796875 0.020753759375 0.0053405250000000005 0.036904539062500005 0.125933021875 0.1351012921875 0.2344662890625 0.2364958984375 0.31715827343749997 0.30045297656250003 0.327494746875 0.3314624703125 0.38606827187500004 0.3715164125 0.45583963125000004 0.47134439375000003 0.5032152546875001 0.5042919765625 0.5867686015625 0.5669570109375 0.6074416140625 0.6376812843749999 0.6246691140625 0.6590003109375 0.6660151390625 0.6925939390625 0.6832426390624999 0.69840823125 0.6811322703125 0.6878617609375001 0.6415090343750001 0.6497459203125 0.615667784375 0.620674515625
1 0.44207110156249996 0.2716784234375 0.40962552187499995 0.2409405046875 0.40279487812500003 0.2287734125 0.32131800625 0.15935692968749998 0.257280696875 0.0901966046875 0.23337339531249998 0.071625765625 0.231665759375 0.10044257031249999 0.2905800953125 0.15999730625 0.397309 0.2586148234375 0.47329999218749996 0.3213714140625 0.50147645 0.33481924687500003 0.5093103109375 0.319546340625 0.4719551953125 0.296012621875 0.44207110156249996 0.2716784234375
1 0.547583284375 0.30785952031249997 0.5689290640625 0.2579103984375 0.5783212609375 0.1938730546875 0.6184513015624999 0.059138490625 0.6415047203124999 0 0.626135796875 0.0015048828125 0.601374678125 0.053054939062499994 0.580028896875 0.1286190109375 0.567221428125 0.153593571875 0.5578292984375001 0.188814109375 0.5552677781249999 0.21314829531249999 0.5544139593749999 0.2394036203125 0.5371238640625 0.285990771875 0.547583284375 0.30785952031249997
1 0.5621214078125 0.40092092656249995 0.58146186875 0.31695365 0.6051695125000001 0.268290525 0.6326205109374999 0.178439240625 0.6201427890625 0.178907146875 0.6089128671874999 0.22569860625 0.5933157140625 0.25863979062500003 0.57397520625 0.3068349984375 0.56024973125 0.3526906328125 0.551515315625 0.3978443796875 0.5621214078125 0.40092092656249995
1 0.6786321125 0.3076538453125 0.6674021906250001 0.24401745937500002 0.6555483453125001 0.2543115828125 0.6674021906250001 0.3291779171875 0.6892382046875001 0.39000681406250004 0.7004681265625 0.380180615625 0.6836232203125 0.3427474484375 0.6786321125 0.3076538453125
1 0.7023398046875 0.390942646875 0.7497551390625 0.3450870203125 0.7478834625 0.328242084375 0.7372774171875001 0.3422795234375 0.7004681265625 0.3767882234375 0.7023398046875 0.390942646875
1 0.5993985703125 0.3497661671875 0.5544787890625 0.32215919843749996 0.555102665625 0.3263704375 0.6025180015625 0.3581886265625 0.656172221875 0.383923928125 0.6823754203125 0.4040442515625 0.6730171281249999 0.390474721875 0.644318375 0.373161896875 0.5993985703125 0.3497661671875