0 0.49807844375 0.9993163921875 0.54481189375 1 0.5366335296875 0.968641546875 0.547148559375 0.90553898125 0.58570364375 0.8336721984375 0.6172486562499999 0.7417291968749999 0.6511304109375 0.681255925 0.6406153812500001 0.6409404109375 0.6312687218749999 0.5576800890625 0.614911990625 0.5278816640625 0.6055653328124999 0.54541015625 0.60907036875 0.6277940281250001 0.6125753265625 0.661107246875 0.607901996875 0.6935349515625 0.570515284375 0.7785568625 0.5413068578125 0.8372772906250001 0.5109301390625001 0.9222904562500001 0.49924673750000004 0.9406953703125 0.5038791140625001 0.992830296875 0.49807844375 0.9993163921875
1 0.6322671859375 0.552387128125 0.6730333078124999 0.46814905468749995 0.6853579437499999 0.453925525 0.7422409171875 0.361874653125 0.74698115 0.3440952390625 0.7574096921875 0.2808169828125 0.778266775 0.23853175312500002 0.8180848515625 0.1837711359375 0.8507925625 0.14643435 0.85268865625 0.12687698593750002 0.8261432609374999 0.15461288281250002 0.7645200546875001 0.2249862984375 0.7446110499999999 0.2651677890625 0.7341825078124999 0.295392803125 0.7190137015625 0.35580302656249996 0.6611827124999999 0.44755208125 0.61899450625 0.527203890625 0.6322671859375 0.552387128125
1 0.5758582671875 0.4599806703125 0.588182903125 0.4023753515625 0.5848647406249999 0.3657497421875 0.5602267609375 0.317016740625 0.5493241953125 0.29283672968749996 0.546480040625 0.263322890625 0.5365255375 0.18618315000000002 0.512350275 0.1054645734375 0.43846081562499994 0 0.4645321703125 0.047939003125000004 0.5062463390625 0.10732226874999999 0.52805146875 0.17487443593750002 0.5318436875 0.20083239531250002 0.5403761046875 0.2712225515625 0.5370579578125 0.28189020781249996 0.5669214984375001 0.35584639687499997 0.5782980875 0.38927170312500003 0.5636033203124999 0.4599806703125 0.579720171875 0.493761575 0.5887266296875 0.5250533453124999 0.6019993109375 0.54745543125 0.60903038125 0.530240840625 0.5900790109375 0.49442621875 0.5758582671875 0.4599806703125
1 0.739064840625 0.1593343984375 0.7243156265625 0.142573890625 0.6876533015625 0.1131750203125 0.6674258109375 0.10021423437500002 0.6328704968750001 0.0812472234375 0.6185426875 0.07049925312500001 0.6033720687499999 0.054693412500000003 0.556595984375 0 0.5966295625 0.055674115625 0.6118001953125 0.073060540625 0.6455126718749999 0.093924240625 0.6733254796875 0.1097300859375 0.704088134375 0.1330844078125 0.7251584359375001 0.1529997703125 0.7365364109375 0.17670852343750001 0.75297124375 0.22789003124999999 0.7563425109375 0.2354768328125 0.76434921875 0.22508669375 0.751285625 0.19189443281250002 0.739064840625 0.1593343984375
1 0.736831809375 0.151309125 0.747032690625 0.11904999999999999 0.749432890625 0.1061463515625 0.75043298125 0.10029469531249999 0.7526331703125 0.08995295 0.749432890625 0.0346025828125 0.75163308125 0.0002428609375 0.74923288125 0.0002428609375 0.742832321875 0.028450840625 0.747632734375 0.0897943984375 0.744032434375 0.1019367078125 0.7390319984375 0.1281941375 0.730864609375 0.147860925 0.736831809375 0.151309125
1 0.8507119640624999 0.12965937031250002 0.8489994 0.0656848125 0.8507119640624999 0.0618308 0.859959765625 0.027401596875 0.871947675 0.00093735625 0.8633848953125 0 0.8469443359375 0.050782621875 0.839751575 0.061072375 0.8380390109375 0.07803004218750001 0.8383815328124999 0.115799390625 0.8373539890625 0.13789574843750002 0.8507119640624999 0.12965937031250002
1 0.862014853125 0.133563953125 0.9301746796874999 0.084746434375 1 0.065990221875 0.93428483125 0.08114935625 0.9500403703125 0.0482711890625 0.9928543359375 0 0.9664809312499999 0.025660964062500003 0.9401075249999999 0.052125200000000003 0.9305172015625001 0.0777586265625 0.9123640765625 0.0936885609375 0.856726365625 0.131974121875 0.862014853125 0.133563953125
1 0.78003266875 0.0362044953125 0.8333359140625 0.0629388515625 0.8364349296875 0.061776484374999996 0.7558602703124999 0.0157469015625 0.78003266875 0.0362044953125
1 0.42102408750000003 0.6038077375 0.41729320156250005 0.5898141171875 0.3930423421875 0.5492326296875001 0.38620236406249997 0.5095840546875 0.374387871875 0.4941910765625 0.3333480078125 0.42100572031250005 0.32588621562500003 0.3281852203125 0.303500840625 0.2643332609375 0.2941961671875 0.221988740625 0.2910645140625 0.234981271875 0.32153349531250003 0.3324488484375 0.32775165781250004 0.41873034374999996 0.3128960390625 0.41596189062500005 0.215892725 0.3450609 0.1661474390625 0.296505278125 0.12137666875 0.2405308125 0.106260128125 0.20802382968750002 0.12448575937499999 0.2526586078125 0.1767183234375 0.3086330734375 0.23143814375 0.3613423546875 0.21651451875 0.3491535140625 0.1816928375 0.338891528125 0.119511225 0.32816309062500004 0.0449315890625 0.29737713593750004 0.12825494843750002 0.3342269890625 0.20909105 0.3491535140625 0.3346979015625 0.43031648906250003 0.3322106453125 0.43730048750000006 0.379468653125 0.51481135625 0.3931486078125 0.568453559375 0.41366854062499997 0.6015717781250001 0.41491221093749997 0.6612783859375 0.432323009375 0.812352878125 0.462792053125 0.8714963765625001 0.5044537124999999 0.9428638203125 0.516783771875 0.9494204546875 0.5062129093750001 0.9191009515624999 0.47263481562500004 0.87058975625 0.440922184375 0.810417203125 0.4291076921875 0.6644341 0.42102408750000003 0.6038077375
1 0.3508118921875 0.6937767296875 0.3372858359375 0.6558278875 0.28368263125 0.6178723500000001 0.250138303125 0.5818238015625 0.2285968203125 0.56867089375 0.1429774484375 0.52357479375 0.10991378125 0.503657528125 0.1670237453125 0.539734084375 0.230646246875 0.5720526515625 0.25669643125 0.590842528125 0.27723597031249997 0.6205096203125 0.3123034890625 0.6419300703124999 0.3328430609375 0.660719946875 0.33735171249999996 0.6870257625 0.34687006249999996 0.70017866875 0.3729202125 0.7366314296875001 0.4255215265625 0.8027934968749999 0.43205346406249995 0.8021913265625 0.39289291249999997 0.74789155625 0.3508118921875 0.6937767296875
1 0.3847912875 0.769529828125 0.3692614140625 0.7394660328125 0.36775850781249997 0.7173467859375 0.37978165625 0.6842766124999999 0.37978165625 0.6688689203125 0.374772025 0.6515822421874999 0.3727681390625 0.6143849859375 0.37176621249999997 0.5910855484375 0.3877971 0.49529928593749994 0.367257528125 0.5603122375 0.3632498234375 0.6106690890625 0.3707642859375 0.6647667703125 0.37176621249999997 0.6828050546875 0.3587411375 0.7297797265625 0.37176621249999997 0.7639772890625001 0.388298046875 0.8207054203125 0.411843396875 0.8868073078125001 0.4228646203125 0.8751149609375 0.402325046875 0.8194969484374999 0.3847912875 0.769529828125
1 0.34020545156250004 0.833819875 0.3231726375 0.831565090625 0.2835964328125 0.8232975484375 0.2545405046875 0.8135268140624999 0.21797007812500002 0.8048834734374999 0.14683309687499999 0.7857178046875 0.0562146484375 0.757926078125 0.014133610937499999 0.75003433125 0.04218763125 0.7609324609375 0.108815928125 0.777467546875 0.149394059375 0.7921236390625 0.197987634375 0.8045249546875001 0.23405707968749997 0.8142956828125 0.275136190625 0.8263212015624999 0.3046931 0.8338371515624999 0.34026159843750003 0.842480490625 0.373325265625 0.8635251578125 0.4063889328125 0.8890903765625 0.40505374375000003 0.8741483375 0.380282603125 0.8586224984375 0.34020545156250004 0.833819875
0 0.13037034218750002 1 0.1300974015625 0.9993168406249999 0.1178462125 0.937352434375 0.1078269171875 0.8881229718749999 0.0917960625 0.8212341015625 0.0797729140625 0.7840301562499999 0.0737613234375 0.808456990625 0.092297009375 0.8697119656250001 0.0948018421875 0.9095464968750001 0.1058230640625 0.9429924656249999 0.1138385078125 1 0.13037034218750002 1
1 0.057544359375 0.8413384265625 0.0379151921875 0.8055420156249999 0.0379151921875 0.7824393671875 0.0423148296875 0.7613770421875 0.029454362499999998 0.7860029374999999 0.03250026875 0.8027587046875 0.0220088203125 0.7946347046875 0 0.773055303125 0.00745615625 0.7910804437500001 0.034192421875000004 0.8098672171875 0.0524678578125 0.8487008125 0.0761582171875 0.8806890921875 0.09172616875 0.899221990625 0.09384507656249999 0.8897954125 0.07649663906250001 0.8687475421874999 0.057544359375 0.8413384265625
0 0 0.924158246875 0.0072570390625 0.9310128750000001 0.0211328390625 0.9581775234375 0.0448231984375 1 0.0718825734375 0.9992356765625001 0.054976203125 0.9736258937500001 0.0356854796875 0.9340213578125001 0.023163434375 0.908126078125 0.0096260796875 0.9045718265625 0 0.8969935906250001 0 0.924158246875
1 0.018832364062500002 0.9056400218749999 0.0178170546875 0.8345785687499999 0.0198476515625 0.797766659375 0.014432728124999999 0.8234080562500001 0 0.8033521 0.011386821875 0.8269624999999999 0.014094284374999998 0.8637744125 0.01510959375 0.90236345625 0.018832364062500002 0.9056400218749999
1 0.11297766718749999 0.8914649546875 0.12313069531250001 0.8533836609375 0.13463743125 0.8056551109375001 0.1488516515625 0.78967979375 0.1925096 0.7345888625 0.16441960312499998 0.7632698953125 0.132606834375 0.803128309375 0.1238075609375 0.824707709375 0.1187310578125 0.8498104890624999 0.10823960937499999 0.885606903125 0.11297766718749999 0.8914649546875
1 0.0615357546875 0.7696048249999999 0.0537517671875 0.7406865781249999 0.0537517671875 0.7152990515625001 0.041906587499999995 0.7018436609375 0.0199083921875 0.635102890625 0.0087400765625 0.588923665625 0.002986709375 0.5549043796875 0.0002792359375 0.61126469375 0.0117859828125 0.6559467328124999 0.029722964062500003 0.707467034375 0.037845371875 0.720922425 0.041568143749999995 0.744786696875 0.045290915625 0.7681195984375 0.07270406874999999 0.79833075 0.0794727234375 0.78839159375 0.0689812984375 0.7718897 0.0615357546875 0.7696048249999999
0 0.4029414953125 1 0.40073039687499995 0.9950465765625 0.37306579375000004 0.9699250812500001 0.3457651859375 0.9355195453125 0.3337529203125 0.9221396203125 0.3137324765625 0.8978373015625 0.2922560046875 0.8749002828125001 0.2685954671875 0.8468338421875 0.2565832 0.8391881640625 0.19215378593750002 0.784303153125 0.1419394515625 0.7371097718749999 0.1302912046875 0.728098803125 0.0957104328125 0.67649050625 0.09680246718749999 0.6934533187499999 0.1255591015625 0.7355045140625001 0.1535877234375 0.7660489484374999 0.172880153125 0.7848900703125 0.1881684953125 0.7952663375 0.25259790937500004 0.8485107609375 0.26424618125 0.8561564390624999 0.301738984375 0.9014769640625 0.33959585468750003 0.946001490625 0.361800315625 0.9708499265625001 0.38510511875 1 0.4029414953125 1