0 0.46368212656249996 0.733158759375 0.5025795328125 0.6887045374999999 0.5420943953124999 0.662772921875 0.5884008656249999 0.6203793421875 0.5853137671875001 0.608802725 0.5532079671875 0.63023105 0.4822047140625 0.6825573578124999 0.46244725937500003 0.7109200703125 0.46368212656249996 0.733158759375
0 0.46553435624999995 0.553952715625 0.4661517671875 0.535036534375 0.5069014984375 0.4669660109375 0.5445640828125 0.4326992265625 0.5482685921875 0.3829313484375 0.5766698828125 0.2878178640625 0.6242112203125 0.21557977031250003 0.7069454078125 0.11001259999999999 0.77300933125 0.0011808203125 0.72855509375 0.0011808203125 0.676691884375 0.0928676359375 0.6569344296875 0.100079859375 0.6100105499999999 0.1783377953125 0.6063060421875 0.1950081171875 0.5482685921875 0.2783597703125 0.5309808234375 0.29894299062499996 0.51060600625 0.41239385000000006 0.506284040625 0.426285790625 0.483439534375 0.4519974453125 0.4500988671875 0.508491340625 0.4315762796875 0.5339599078124999 0.4204627546875 0.6094510171875 0.3988530453125 0.650200715625 0.4207714359375 0.6711080828125 0.44145498281249995 0.6359151640625 0.46553435624999995 0.553952715625
0 0.3599556171875 0.5659229375 0.347607225 0.5599030968750001 0.3164429515625 0.5316561609375 0.3022423296875 0.511744365625 0.259022934375 0.4784037125 0.216420996875 0.4300134578125 0.1904893703125 0.38787456875 0.16949709375 0.3837069796875 0.1651751765625 0.4036187671875 0.1836977640625 0.4128800609375 0.1911067796875 0.4341810296875 0.2016029171875 0.44159007499999997 0.2528487390625 0.4971578375 0.2979203640625 0.5367845953125 0.3436094234375 0.5858694468750001 0.3800371890625 0.66621118125 0.396074653125 0.6486957515625 0.374773671875 0.6001897234375 0.3599556171875 0.5659229375
1 0.0887102078125 0.3123293875 0.05444074375 0.2603151578125 0.03448635625 0.24372265781250002 0.0008784296875 0.22159932656249998 0.0004446453125 0.2385171671875 0.021700368749999997 0.2603151578125 0.04122095625 0.271376821875 0.06507945000000001 0.307815253125 0.0911069 0.3393735375 0.133184628125 0.378260175 0.16354998437499998 0.3981061 0.1703713328125 0.38235949062499996 0.1368609984375 0.3595041390625 0.0887102078125 0.3123293875
1 0.14576456875 0.2583956328125 0.1297142890625 0.219354459375 0.1171343484375 0.1692028203125 0.0976137609375 0.11156828593749998 0.06507945000000001 0.071225740625 0.0494629875 0.0345758390625 0.048161634375 0.00008946875 0.026472093749999998 0 0.0299424015625 0.018959371875 0.045558864062499996 0.0599526 0.05249954375 0.0745930390625 0.0815635140625 0.113308875 0.10759096406249999 0.17901191875 0.126677765625 0.2545077828125 0.147933521875 0.3195764125 0.1687554609375 0.372826940625 0.17049063125 0.382912571875 0.1852395265625 0.3808629171875 0.1652851546875 0.33076007343749997 0.14576456875 0.2583956328125
1 0.06843049062499999 0.165518309375 0.047608551562500004 0.13526140312499998 0.037197565625 0.0997990015625 0.037197565625 0.126135525 0 0.0909984703125 0.03849891875 0.13719719531250002 0.0762387390625 0.191065878125 0.11875021875 0.2336858203125 0.11994315 0.22700815625 0.094457940625 0.1964259109375 0.06843049062499999 0.165518309375
1 0.13957219062499998 0.22521063749999998 0.15215213125 0.1459895953125 0.1955312125 0.07831822499999999 0.1482480078125 0.1443628796875 0.140005975 0.1832495109375 0.13404135156250002 0.22619479843749998 0.13957219062499998 0.22521063749999998
0 0.5465091203125 0.5415202640625 0.5604175328125 0.53698491875 0.5894437625 0.5301819 0.6003285640625 0.52201828125 0.6142369765625 0.5042964125 0.59609559375 0.503842884375 0.5610222359375 0.5179024484375 0.548323278125 0.5179024484375 0.5029698218750001 0.5628704078125 0.4703153234375 0.585547134375 0.4816536875 0.6140857937499999 0.524739471875 0.5710000109375 0.5465091203125 0.5415202640625
1 0.610333415625 0.5212352890624999 0.6444718390624999 0.5127914796875 0.6724363015625 0.491000990625 0.7004007640625 0.4547743015625 0.7512452359374999 0.42127142500000003 0.782841446875 0.4025928921875 0.8315068765625 0.379168121875 0.880535475 0.3493423890625 0.9212110421874999 0.31120903437499997 0.959707565625 0.291052828125 0.9869456765625 0.267355675 0.9666078921875 0.28097473125 0.9292009046875 0.2992242609375 0.9012545875000001 0.3199184140625 0.86021585 0.354238434375 0.81699804375 0.379569875 0.7830230453125 0.3946802203125 0.699856009375 0.4418021546875 0.6902137140625 0.445431628125 0.6822238781250001 0.4492449625 0.6749603828125 0.46204688125000004 0.6615228984375 0.4835445546875 0.643727328125 0.4974359921875 0.6161260484375 0.50873980625 0.610333415625 0.5212352890624999
1 0.61451899375 0.504116140625 0.6377621875 0.4834151765625 0.6539143921874999 0.4530855390625 0.670983596875 0.42094457187499995 0.692774084375 0.387714075 0.7316338046875 0.32779023125 0.756329675 0.2757586296875 0.7755779515625 0.2170400703125 0.7926471562499999 0.15708899062499998 0.8079005140625 0.0824565734375 0.8089900218749999 0 0.7995474828125 0.078078046875 0.7864731953125 0.13933655625000002 0.7737620765625 0.190013059375 0.7672249203125 0.21262069218750002 0.75124525 0.2566238578125 0.7381709359374999 0.29639150000000003 0.7102064859375 0.33861737812500003 0.694589959375 0.3699412078125 0.6644464671875 0.40344408125 0.638661046875 0.45041620312499997 0.6263130984374999 0.475475265625 0.597985465625 0.5011471828125 0.61451899375 0.504116140625
1 0.590619153125 0.622026553125 0.642793646875 0.581663228125 0.676080528125 0.5517604796875 0.6904593203125 0.5480630734374999 0.706481409375 0.5480630734374999 0.7319524171875 0.541592621875 0.76317493125 0.5341978093749999 0.7759104265625 0.5335815734375 0.7894675859375 0.5271111203125 0.809187084375 0.5101646875 0.878616084375 0.4485644 0.9254498718749999 0.4078852546875 0.9500992296874999 0.398025509375 0.9969330171875 0.375224853125 1 0.364132646875 0.95215334375 0.388782 0.915446353125 0.4035716171875 0.8661476374999999 0.4497891640625 0.803065828125 0.5012755140625 0.7743082421875 0.522227465625 0.7332259796875 0.5320872109375 0.6763167484375 0.5408993515625 0.6660461828125 0.5430561734375 0.653721503125 0.5556889703125 0.6204448765625 0.5837276171875 0.58798988125 0.6074526203125 0.590619153125 0.622026553125
1 0.6110584265625 0.6073993843750001 0.6351629296875 0.59863410625 0.6833719359375 0.5701469546875 0.708572109375 0.5580947015625 0.74144189375 0.54850768125 0.7586072421875001 0.536455428125 0.7135482234375 0.5475558265625 0.6967481171875 0.5489254 0.6854263078125 0.555499359375 0.6497260640625 0.577001675 0.6110584265625 0.6073993843750001
1 0.8673068390625 0.46648605468750004 0.8387893515625 0.4950785875 0.8165757265625 0.5101628390624999 0.8075702031249999 0.5111196734375001 0.821828946875 0.51822840625 0.8305342906250001 0.5101234406249999 0.8730178453124999 0.47208636249999997 0.8883272296875001 0.4527244921875 0.8883272296875001 0.436289415625 0.9222480390625 0.3427445546875 0.9495342984375 0.30227607500000003 0.9201392328125 0.3348816046875 0.9048298484374999 0.372918678125 0.8790140234375 0.45310159843750003 0.8673068390625 0.46648605468750004
1 0.8428193187499999 0.52565796875 0.8614307453125001 0.5238568578125 0.8842447296874999 0.5211552078125 0.9043570546874999 0.5153016140625 0.9304730828125001 0.50539554375 0.9436811640625 0.5002173625 0.96709553125 0.49391349843750004 0.9989150375 0.48490797656250006 0.9983146796875 0.4790543859375 0.952108840625 0.4923375296875 0.9416023984375 0.49436377656249997 0.8848676031249999 0.5159770265625 0.8539486578125001 0.51822840625 0.8236300468750001 0.520930065625 0.8428193187499999 0.52565796875
1 0.8896036203125 0.4541261203125 0.9106958484375 0.4390786203125 0.998665896875 0.345706890625 0.9955792359375 0.3418485546875 0.9338458624999999 0.4085977609375 0.89140416875 0.44428736718749995 0.8896036203125 0.4541261203125
1 0.9296904796875 0.39710080937500003 0.9507678531250001 0.32635030781249996 0.9576243640625 0.318903384375 0.998509409375 0.24538648125 0.9489902499999999 0.3178653890625 0.9406100765625001 0.34415815781250003 0.9238497499999999 0.399200609375 0.9296904796875 0.39710080937500003
0 0.4627830140625 0.404572375 0.49103280937499993 0.360271559375 0.5280143421875 0.2951686328125 0.5495868984375 0.24470421718750002 0.567050415625 0.2277543421875 0.6019774499999999 0.19522213906250002 0.611736478125 0.169797315625 0.562941378125 0.212172015625 0.539827909375 0.22912189062500002 0.5162007765625 0.28189764687499996 0.4766510796875 0.332352415625 0.45096944843750003 0.3932178796875 0.4627830140625 0.404572375
1 0.5140178609375 0.199064746875 0.50014975625 0.14058767187500001 0.5140178609375 0.001800925 0.49809525781249997 0 0.48936347968750005 0.138940846875 0.4046140953125 0 0.39793687499999997 0.00218615 0.48319990312499994 0.1474157734375 0.49501342968750006 0.176480971875 0.5304540906249999 0.2904977796875 0.54329490625 0.2952745609375 0.5273723015625 0.2499143875 0.5140178609375 0.199064746875
1 0.390232384375 0.2076745171875 0.385096059375 0.1596659140625 0.40153230625 0.1142094296875 0.39742325 0.050474035937499995 0.39793687499999997 0 0.3897187609375 0.0019357578125 0.3912596546875 0.0878408203125 0.3928005484375 0.11519175156250001 0.37739156875 0.1651264703125 0.3789324625 0.18862516406250002 0.386636953125 0.226377159375 0.412832228125 0.3170975359375 0.412832228125 0.3305803921875 0.42772756406249995 0.323916 0.410264065625 0.26622864062499996 0.390232384375 0.2076745171875
1 0.351983040625 0.35572980625 0.3258086015625 0.3297901828125 0.27514837187499996 0.2699477875 0.2219551203125 0.22783647031249998 0.191558978125 0.1965616953125 0.162007178125 0.172498084375 0.1117691265625 0.11547366875000001 0.07314069375 0.0451825984375 0.05287660625 0.030301153125 0.05876586406249999 0.0467261453125 0.09253934999999999 0.1011859015625 0.12757935625 0.147729978125 0.1837277578125 0.2057042890625 0.23776535000000001 0.247182346875 0.2723831609375 0.278536284375 0.32768723906249997 0.34471120312500003 0.371592778125 0.39539517968750004 0.4062105890625 0.43054072187500003 0.40802592656250003 0.41723448906250005 0.37942399843749997 0.39182521875 0.351983040625 0.35572980625
0 0.4681765390625 0.7927991359375001 0.5140091124999999 0.7712509765625 0.5545401828125 0.7648378375 0.581560896875 0.7602203671875001 0.6150802546875 0.7484201890625 0.638680625 0.73610695625 0.6728840546875 0.726615503125 0.728781003125 0.712185934375 0.7817963171875 0.6888420890625 0.7920573453124999 0.686533359375 0.8036865171875001 0.6973074359375 0.8231653578125 0.70448375 0.8378728437499999 0.702944590625 0.86386744375 0.6990967046875001 0.8843895015625 0.6924270406249999 0.9052535875000001 0.686013896875 0.9285119296875 0.6796007546875 0.9521122999999999 0.65779606875 0.9302220999999999 0.666261415625 0.8960186718750001 0.678574646875 0.8440294453125 0.6942227171875001 0.8237895875 0.69447924375 0.8109568875000001 0.6873894390624999 0.8013372875 0.67827614375 0.7962743453125001 0.669922284375 0.7866547453125 0.67523838125 0.740581971875 0.6961230203125 0.6686881984374999 0.7177670984375 0.641854584375 0.7230831859375 0.5598349234375 0.7511825187500001 0.5086992078125 0.7580175031249999 0.4732585875 0.774345490625 0.4681765390625 0.7927991359375001
1 0.4775910203125 0.76996193125 0.5035856328125 0.7450789453125 0.5390973359375 0.708774140625 0.576379078125 0.680812834375 0.6283682921875 0.63925566875 0.636200875 0.6348947375 0.64372561875 0.6333555765625001 0.6594592031250001 0.6310468515625 0.703239603125 0.6112943640624999 0.7620694890624999 0.5794851765625 0.778829175 0.5740981359374999 0.7981541171875 0.557058415625 0.8368039749999999 0.5444886624999999 0.8580101171875001 0.534997209375 0.8928976046875 0.5311493234375 0.9407824046875 0.5237100734375 0.9069210046875 0.5229404984375 0.8593782328125 0.5311493234375 0.8477490890625001 0.5306362703125 0.814058690625 0.544886271875 0.806533946875 0.5482211078125 0.782933575 0.5607908671875 0.7179299593749999 0.5960439109375 0.651062271875 0.6250313171874999 0.6466158156249999 0.624774790625 0.6394331015625 0.6224660609375 0.6281459593750001 0.628879203125 0.5980469578125 0.655044828125 0.537848903125 0.695826003125 0.5255356734375 0.708139234375 0.485517671875 0.7468746187499999 0.46431153125 0.771757615625 0.4775910203125 0.76996193125
0 0.4725910765625 0.766071315625 0.481504246875 0.7640368 0.5260700171875 0.7431102546874999 0.536920828125 0.7428196015624999 0.5524219718750001 0.7448541296875 0.5555222109375 0.7407850859375 0.5725734453125 0.735553440625 0.58071156875 0.735553440625 0.586524496875 0.733518925 0.6086136140625 0.729159228125 0.623727234375 0.7218930625 0.635353090625 0.7239275890625 0.6493041140625 0.7218930625 0.6748809921875 0.7146269015625 0.68108144375 0.7099765578125 0.66751794375 0.7088139734375 0.6500791593749999 0.7160801343750001 0.640003421875 0.7198585359375 0.63225285 0.71404560625 0.6217895906249999 0.7143362546875001 0.61403901875 0.7178240140625001 0.6024131625 0.7216024156249999 0.58342425625 0.7262527640625 0.5760612078125 0.723055646875 0.56288523125 0.72828728125 0.5419587109374999 0.733518925 0.52296980625 0.731775040625 0.49429268593750003 0.7381692640625 0.47181603125000005 0.7489231828125 0.4725910765625 0.766071315625
1 0.543538571875 0.730017871875 0.592368071875 0.6999520390625 0.6277487671875 0.6786925828125 0.6426459125 0.6713991921875 0.65340495 0.673571690625 0.6606466125 0.6797788296875 0.6579568453125 0.6839686515625 0.6583706640625 0.6921931140625001 0.661060415625 0.7086420328124999 0.6689228 0.7086420328124999 0.668095178125 0.6895550781249999 0.66643995 0.685210078125 0.6703711265625001 0.681020259375 0.6618880375 0.6707008875 0.6509221000000001 0.666355890625 0.64099066875 0.6646489296875 0.6294040109375 0.6682180328125 0.574781175 0.7021051390624999 0.529882859375 0.7291061984375 0.543538571875 0.730017871875
1 0.68924928125 0.71230256875 0.708804265625 0.6951602234375 0.7263275359375 0.6849700546874999 0.7631518359375 0.66497065 0.7908335531249999 0.6453521859375 0.7712785890625 0.6573518296875 0.7331844859375 0.6785988109375001 0.727597340625 0.6795511640624999 0.7105819828125 0.6902175125000001 0.6862017609375 0.7069789203125 0.68924928125 0.71230256875