0 0.156473125 0.6955130640625 0.13119967500000002 0.5931354765625 0.1400453953125 0.5021331828125 0.1581207828125 0.46719673124999994 0.1754281921875 0.3970983828125 0.19311963125 0.32695078906249997 0.2108109875 0.214234421875 0.2057563140625 0.1829963078125 0.1830102015625 0.20953865781249997 0.181746575 0.3043327109375 0.1476274046875 0.4010226390625 0.1362455765625 0.4548895078125 0.11856294999999999 0.4881720203125 0.0958168796875 0.5459963765625 0.0932895 0.5791742906249999 0.1097172734375 0.6339594703125 0.1215439328125 0.6946276421875 0.1286723390625 0.7884737562499999 0.1400453953125 0.9087915750000001 0.17163714375 0.8993121671875001 0.17795552812499998 0.8860491078124999 0.16784618125 0.8073700265625 0.156473125 0.6955130640625
0 0.3003322546875 0.9229064156250001 0.301791728125 0.8889668609375001 0.276980625 0.870354853125 0.261656075 0.843531671875 0.2375746828125 0.840247190625 0.21495276562500001 0.8380575484375001 0.1718981640625 0.83148860625 0.1149785359375 0.8057602265625 0.1149785359375 0.8188981125 0.169742915625 0.843526984375 0.190905359375 0.8484536968749999 0.2325004625 0.8500959359375001 0.2638792734375 0.8780139484375 0.273365878125 0.9070267812499999 0.26971716875 0.950819740625 0.3003322546875 0.9229064156250001
0 0.21787171249999998 0.7778422140625 0.187952425 0.7466397296875 0.192330846875 0.7674413890625 0.23976391874999997 0.8396997796875001 0.25367219375 0.8434308953125 0.244142340625 0.8216351828124999 0.21787171249999998 0.7778422140625
1 0.07167207812500001 0.7903925375 0.052355562499999994 0.781648428125 0.0320314265625 0.7719049921875001 0.029700118749999997 0.7736538125 0.0370270734375 0.7781507828125 0.051347942187499995 0.7853959015624999 0.066001853125 0.7946396765625 0.08764968749999999 0.80463294375 0.10130445937500002 0.814876046875 0.1055377828125 0.8102357765624999 0.094652071875 0.8018847953125 0.07167207812500001 0.7903925375
1 0.0220401203125 0.7871447265625 0.000059254687499999996 0.78814405 0.010383603125 0.7931406859375 0.0440209859375 0.7921413578125 0.067000990625 0.7941400140625 0.060466149999999996 0.7885315 0.041689678125000004 0.78789421875 0.0220401203125 0.7871447265625
0 0.09697489687500001 0.826368303125 0.0779914234375 0.8193730125 0.0423557640625 0.8056322671875 0.0017244781250000001 0.7903925375 0.0017244781250000001 0.8011353015625 0.045020125 0.8173743640625 0.0896479421875 0.8361117359374999 0.126948803125 0.8628437312499999 0.131611396875 0.8693393531250001 0.135274875 0.8558484484375001 0.11296097812499999 0.8356120734375001 0.09697489687500001 0.826368303125
0 0.09073395468749999 0.8729113625 0.073340071875 0.871280371875 0.074427184375 0.8904445640624999 0.0842112390625 0.8928910640625001 0.101605121875 0.9222489765624999 0.101605121875 0.9340736984375001 0.11784200156249999 0.9233070484375 0.10541003593750001 0.89533755 0.09073395468749999 0.8729113625
1 0.04245051875 0.84661475 0.0364865703125 0.8459083578125 0.0016446437500000001 0.8266002421875 0.00133074375 0.8386089468750001 0.01765310625 0.8470856781249999 0.0534367140625 0.8678065828125 0.0728979796875 0.883111796875 0.071642396875 0.8699257671874999 0.058772860937500004 0.85815253125 0.04245051875 0.84661475
1 0.0920453453125 0.8725315015625 0.11213439218750001 0.8278061156250001 0.1159010765625 0.80049219375 0.09487036875 0.7771811765625001 0.08482583437499999 0.7543410953125 0.0892203203125 0.74398064375 0.0841980546875 0.7505736578125 0.076978565625 0.745628896875 0.0838841734375 0.766820728125 0.0823147125 0.7677625890625001 0.061283982812500006 0.7581085296875 0.0688173734375 0.7654079390625 0.0835702734375 0.77270735 0.0939286875 0.7825968734375001 0.099578734375 0.795754353125 0.10491488125 0.8028182984375001 0.10428710156250001 0.8197717640625 0.0911036625 0.8560333453125001 0.087023078125 0.8572106671874999 0.0820008109375 0.8560333453125001 0.0813730296875 0.8696903031250001 0.0920453453125 0.8725315015625
0 0.08733697812499999 0.9038483218750001 0.0772924453125 0.9045547140625001 0.059400640625 0.9047901859374999 0.047786665625 0.9036128578125 0.0386838140625 0.9036128578125 0.0267559375 0.9005518171875 0.0029002062499999997 0.8873657875 0.0007029625000000001 0.8984326312500001 0.0185947671875 0.9069093625000001 0.041194935937499996 0.9142087734375 0.08074525 0.9167988875 0.11621497656249999 0.9153861015625001 0.13850124531250002 0.917269815625 0.136617903125 0.9064384343749999 0.1058565625 0.9033773937499999 0.08733697812499999 0.9038483218750001
1 0.08815201406249999 0.694188184375 0.0789741125 0.690965521875 0.0660860015625 0.6890612234375 0.059641946875 0.6851061406250001 0.044996365625 0.6777819109375 0.0399192328125 0.6730944015625 0.0373806671875 0.6733873703125 0.0373806671875 0.673973309375 0.031912987500000004 0.672654946875 0.02761695 0.6722154953125 0.016486310937500002 0.668260409375 0.0006690796875 0.6602037562499999 0.00047380625 0.6616686031250001 0.0162910296875 0.6707506484375 0.0233209140625 0.6730944015625 0.0373806671875 0.6770494874999999 0.0436294546875 0.679686209375 0.053197890625 0.687156925 0.061594696875 0.6897936484375 0.06100886875 0.6925768531250001 0.066867096875 0.69374873125 0.0744828078125 0.6940417 0.0947913359375 0.7018053859375 0.1131471390625 0.709276103125 0.12408249843750001 0.7157214265625 0.1209458328125 0.708967603125 0.10475033281249999 0.7003405390624999 0.08815201406249999 0.694188184375
1 0.05079329375 0.6999798390625 0.0445776265625 0.7050823796875 0.040590214062500005 0.706665925 0.0350782109375 0.7063140265625 0.0373064671875 0.70798555 0.036720081249999995 0.7097450453125 0.025696068750000002 0.7145836625 0.0232332609375 0.7158153125 0.020418615625 0.7161672109375 0.0152584390625 0.713967840625 0.0095166328125 0.7158303765625 0 0.716886075 0.0006035999999999999 0.7197012703125 0.010806676562500001 0.718469621875 0.0132694859375 0.717237975 0.018195109374999997 0.7189974718750001 0.02546626875 0.7196132953125 0.0275772515625 0.7175018984375 0.043644159375000005 0.7105518843749999 0.0503289421875 0.704405971875 0.05267446875 0.7037901468750001 0.0550200046875 0.7004471046875 0.06592674375 0.6937610140625 0.059593803125 0.6924413921875 0.060175429687500004 0.6929418468749999 0.05349065468750001 0.696988690625 0.05079329375 0.6999798390625
1 0.00013449375 0.6984236828125 0.0002517703125 0.7012388781250001 0.0070538203125 0.70792496875 0.01221399375 0.712323709375 0.016785303125 0.7136334625 0.0059983296875 0.70308635 0.00013449375 0.6984236828125
1 0.060466490625 0.6535759765625 0.035494170312500004 0.6393067296875 0.024081012500000002 0.6360961484375001 0.023367693749999998 0.6425173109375 0.02717208125 0.6443009640625 0.0452428984375 0.653754340625 0.06878252343749999 0.6655264703125 0.08875554218750001 0.673017825 0.09565099218749999 0.6756933078125 0.10016869218749999 0.6753365765625 0.11823952499999998 0.6822928312500001 0.11681892499999999 0.6748014812500001 0.095419265625 0.6678452218750001 0.060466490625 0.6535759765625
1 0.0921885328125 0.632734903125 0.084817553125 0.6305945171875 0.0760199015625 0.6245300874999999 0.06817335937499999 0.6175738296875 0.0643689875 0.61436325 0.0619912390625 0.616325271875 0.058424631250000005 0.6172170968749999 0.046298162500000004 0.6140065171875 0.032507265625 0.6081204515625 0.0322694921875 0.6016992921875 0.029653978125 0.6008074640625 0.0367872 0.596526690625 0.0396404875 0.5861846640625 0.032507265625 0.57352070625 0.026325143750000002 0.5685264703125 0.0246607234375 0.5713803203125 0.0365494265625 0.5840442765625 0.035836107812500004 0.59010870625 0.034409459375 0.594924578125 0.029891751562500003 0.59920535 0.026087370312500004 0.5986702562499999 0.022045209375 0.6006322765625 0.0253740515625 0.602059196875 0.0272762375 0.6025942984375 0.030605079687499998 0.6070534359375 0.029891751562500003 0.6099072828125001 0.0375005203125 0.61329623125 0.041542681250000005 0.6163284484375 0.0527180578125 0.61989575625 0.061515692187500005 0.6209659515625 0.0726910765625 0.62703038125 0.080062071875 0.632559715625 0.10360169687500001 0.6443318390624999 0.1121615515625 0.6498611734375 0.11065442031249999 0.6441713625000001 0.095517375 0.6357671203125 0.0921885328125 0.632734903125
1 0.0527180578125 0.625246725 0.046298162500000004 0.6181121 0.0517669640625 0.6273871109375 0.046773709375 0.6275654765625001 0.050340325 0.6295274984375 0.070551109375 0.6297058625 0.07435549687500001 0.6295274984375 0.069600015625 0.6273871109375 0.0569979921875 0.6273871109375 0.0527180578125 0.625246725
1 0.1128648578125 0.60775678125 0.10953601718749999 0.6009888125 0.10668273749999999 0.602237375 0.086234171875 0.593675821875 0.070778853125 0.5822604234375001 0.047714790624999996 0.5585378015625 0.046525915625000004 0.553568559375 0.0491414296875 0.53662383125 0.0458125875 0.5178954421874999 0.0412948875 0.5009507156249999 0.0408193328125 0.50826370625 0.03820381875 0.5059350296875 0.043434846875 0.5164586 0.046525915625000004 0.538754296875 0.0410571140625 0.5344735234375 0.0301195046875 0.5103941703125 0.03820381875 0.5323331375 0.045574821875 0.540894684375 0.0446237140625 0.5467807484375 0.0431970734375 0.5532019078125 0.0527180578125 0.5694182984375 0.07768432343750001 0.5926058265624999 0.09004858125000001 0.5997404453125 0.09623070156249999 0.6025942984375 0.1123993328125 0.6070534359375 0.1128648578125 0.60775678125
1 0.1273787046875 0.6186303421875 0.1169166484375 0.5879514578125 0.11929438125 0.5601262328125001 0.11858106875 0.5473022265624999 0.114538915625 0.536778659375 0.10788123125 0.531249325 0.1012235640625 0.5235796046875001 0.07697061093749999 0.5050310453125 0.05889979375 0.48879977812500003 0.0458222234375 0.4756007234375 0.0370245890625 0.4718550453125 0.018478209375 0.45954782187500004 0 0.45045117343749996 0.0004073921875 0.4554454109375 0.0118205421875 0.46168820781250003 0.01942931875 0.464898784375 0.0334483453125 0.47418404374999995 0.0384416 0.47471913906249996 0.046288134375 0.4829239546875 0.05508576875 0.4923773359375 0.06887666718749999 0.503792728125 0.0791009421875 0.5159201312499999 0.08861190468749999 0.5210927328125 0.10073838125000001 0.530724475 0.10906047031249999 0.5410696765624999 0.111913765625 0.5544470968749999 0.10906047031249999 0.5680028828125 0.10692050312500001 0.5906336890625 0.1133404046875 0.6082918765625001 0.1230891328125 0.6248798796874999 0.1273787046875 0.6186303421875
1 0.1835047859375 0.3766700859375 0.2049078640625 0.3606320625 0.230111903125 0.34743300781249997 0.245329440625 0.34029838749999997 0.27148458125 0.32959644843749997 0.308570715625 0.30820078125 0.3573143875 0.2908993234375 0.375864171875 0.28858057187499997 0.379668559375 0.287688740625 0.38632623593750004 0.283051234375 0.3898928421875 0.280375753125 0.44029498125 0.259158446875 0.49877010000000005 0.2395464359375 0.521358625 0.23366037187500002 0.56891343125 0.21867766562500002 0.603614171875 0.2154670828125 0.6407069140625 0.209402653125 0.6632954390625 0.2044084203125 0.67803214375 0.2042300484375 0.6875431062499999 0.202268034375 0.6944385468750001 0.2026247640625 0.7132227 0.2024463984375 0.7289157828125 0.2008411078125 0.7360489968749999 0.20173293281250002 0.7717151 0.20030601250000002 0.7888348234375 0.19834398749999999 0.8057167828124999 0.2004843765625 0.8176054781250001 0.1999492765625 0.8218854125 0.2008411078125 0.8361518406249999 0.205656975 0.8642091828125 0.21457525781250003 0.8230769296875 0.1970954296875 0.8142792953125 0.1988790859375 0.800254565625 0.197452159375 0.79003030625 0.19602523593750001 0.79003030625 0.194598309375 0.775288315625 0.1969170640625 0.7350884359375 0.1969170640625 0.7248641453125 0.196738696875 0.7067933125 0.19834398749999999 0.6813517765625 0.19923581562499998 0.6407057359375 0.20565201718749998 0.6155017203125001 0.20939769218749998 0.578208528125 0.21367846875000002 0.5744041234374999 0.21242990781249999 0.5608510234375 0.21653231874999998 0.50737088125 0.2329354046875 0.49976210468750004 0.2329354046875 0.4804963578125 0.2398916609375 0.4605233390625 0.24702628437500002 0.4274823859375 0.2584416796875 0.4213002640625 0.260938796875 0.3970473109375 0.269857078125 0.37611714375 0.28020922187499997 0.3623262453125 0.283063071875 0.3573329828125 0.28199287812499996 0.3418776953125 0.287522209375 0.29764131875 0.3051821859375 0.27053508593750003 0.3206999921875 0.265541821875 0.3235538390625 0.23082682812500002 0.33764472031250004 0.215609290625 0.34335241875 0.21132935625 0.34674136718750004 0.18335958593749999 0.36250422968749996 0.1835047859375 0.3766700859375
1 0.12936814218749998 0.3257863640625 0.10785771250000001 0.3085563953125 0.09290976875 0.3022660921875 0.059732673437499995 0.280933753125 0.044784729687500004 0.27519043125 0.0320243046875 0.2697205984375 0.0123368 0.2582339578125 0.0017638703125 0.25522555156250004 0 0.2658917203125 0.015982625 0.2689001265625 0.028378479687500003 0.2771048703125 0.045149325000000004 0.2847626328125 0.061920168750000004 0.2910529375 0.08561809375 0.3060949703125 0.1136910328125 0.3225044578125 0.1494202421875 0.35504995156249997 0.156347321875 0.368451040625 0.1624504875 0.3558321375 0.1516077375 0.34246934218749997 0.12936814218749998 0.3257863640625
1 0.0834492265625 0.2810432703125 0.0690759578125 0.26600900781250003 0.0613832203125 0.25978274375 0.0445806765625 0.2486969515625 0.0407343140625 0.247026490625 0.0170547453125 0.22548070937500003 0 0.20892795468749997 0.0018717171875 0.21454677812499998 0.0235328296875 0.2341367359375 0.038918303125 0.24978575625000002 0.06260382656249999 0.2663385078125 0.068879465625 0.2702868703125 0.0840624921875 0.2860803265625 0.0968162421875 0.3027849421875 0.10328837500000002 0.30549275 0.0923566015625 0.2924327828125 0.0834492265625 0.2810432703125
1 0.13164387500000002 0.31163159218750003 0.11666329375 0.28326353125 0.10775591874999998 0.2650403140625 0.10026562187500002 0.25182848281250003 0.0838679546875 0.23314811406249997 0.07963456875 0.22874416718749999 0.066678384375 0.2102172328125 0.07639551875 0.229837140625 0.0881370640625 0.2416822296875 0.099473715625 0.25504592187499997 0.10574936875 0.2699341234375 0.121337275 0.2960413375 0.132673940625 0.3204908203125 0.137734940625 0.330641296875 0.1379373875 0.33626011875 0.1421707671875 0.3365366546875 0.13832440625 0.32560272343749996 0.13164387500000002 0.31163159218750003
1 0.044257825 0.18227431875 0.0357553296875 0.1683031875 0.0319089671875 0.16042492656250001 0.028467471875 0.14751681875 0.028062592187500002 0.134760565625 0.02482355 0.114106015625 0.0207747421875 0.116080196875 0.0260381953125 0.1376443359375 0.027860159375 0.1586026046875 0.035148003125 0.1725737359375 0.04972371875 0.193212528125 0.0596432859375 0.2033871578125 0.059252467187500005 0.2010879390625 0.0499261515625 0.1886524453125 0.044257825 0.18227431875
0 0.291435775 0.9821803687499999 0.327106203125 0.9438404515625001 0.35212870937499996 0.897960828125 0.3904611203125 0.83166470625 0.403770953125 0.8192841015625 0.40110900781250003 0.7670295953124999 0.40270616718749996 0.72269905625 0.417613196875 0.6692313328124999 0.42932586875 0.657649475 0.4325202609375 0.628095790625 0.3989794015625 0.6484381031249999 0.3814103921875 0.6823849171874999 0.37555405625 0.7263160765625 0.3771512515625 0.758665384375 0.3776836609375 0.8053061578125 0.3569202609375 0.839252965625 0.3350921109375 0.8767645234374999 0.3185878859375 0.9075163390625001 0.2817276265625 0.9504582656249999 0.291435775 0.9821803687499999
0 0.182179875 0.9017752031249999 0.17206439843750002 0.9233414124999999 0.1875038015625 0.9121589359375 0.2444693875 0.8914397468749999 0.281736978125 0.8814553953125 0.31523084687499997 0.882254140625 0.3338646421875 0.8802572625 0.3578223796875 0.8782603968749999 0.46641897343750005 0.8367254703125001 0.52551473125 0.808769278125 0.5830133109375 0.777218715625 0.63944646875 0.738475275 0.6767140765625 0.707350003125 0.72409714375 0.6793938109375001 0.7368746015625 0.6702082046875 0.784790078125 0.6466451171875 0.8768943015625 0.6178901781249999 0.9013844328125 0.6150945546875 0.903685465625 0.6091328609375 0.9009409453125 0.60431145 0.8786482781249999 0.6091039453125 0.8099694359375 0.62907265 0.749808875 0.6538338578125 0.73385271875 0.6598098078125 0.7098949625000001 0.6757847765625 0.6726840484375 0.6917937890625 0.6274305515624999 0.7289355937499999 0.57578834375 0.7660773921875 0.528521040625 0.7900327375 0.45984216250000004 0.8271745359375 0.43002806875 0.8379576484375001 0.3884989984375 0.8535298296875 0.3400511109375 0.8699041703124999 0.3262088671875 0.8719010421875 0.30438071718750004 0.868306678125 0.2777609796875 0.86630980625 0.245284940625 0.8782910312500001 0.179835953125 0.8986340531250001 0.182179875 0.9017752031249999
1 1 0.5933539046874999 0.9349529249999999 0.6048682765625 0.9082334640624999 0.608279946875 0.9042380328125 0.61403713125 0.9357897515625 0.6129709890624999 0.975300434375 0.6078534906249999 1 0.6014566140625 1 0.5933539046874999
1 0.9076490375 0.606388790625 0.9292520015625 0.5848526453125 0.9471597203125001 0.5741911828124999 0.955687221875 0.5754705609374999 1 0.5613974359375 0.955687221875 0.572698584375 0.955687221875 0.568647228125 0.9991774250000001 0.5462581656250001 1 0.5415671234375 0.92811500625 0.5777881765624999 0.9005427906250001 0.6016698421875 0.9076490375 0.606388790625
0 0.398057746875 0.5292244296875 0.38106704062499996 0.47567760468750003 0.37359111875 0.451715959375 0.35795962187499997 0.4104203578125 0.330094834375 0.37779172656250004 0.31174482812500004 0.3543877203125 0.2539763484375 0.2478586703125 0.22543191093749998 0.21573986406249998 0.1975671 0.17247168906250002 0.16290680625 0.10267347812500001 0.131643859375 0.0358867515625 0.0976623578125 0 0.08542904375 0.00019918593750000002 0.1146531078125 0.054750171874999996 0.1574697421875 0.136831571875 0.194169753125 0.207764696875 0.2451419609375 0.2776103640625 0.2961141671875 0.3616306859375 0.33417338750000003 0.41363255781249997 0.359319665625 0.47937146875 0.3803881796875 0.5496938734375 0.4048548546875 0.6236181078125 0.4048548546875 0.6414618859375001 0.42392773124999994 0.62687344375 0.415048496875 0.5756182562500001 0.398057746875 0.5292244296875
0 0.42978096250000003 0.65158633125 0.524249453125 0.6087612499999999 0.5629883234374999 0.5848517625 0.5942512703125 0.561909759375 0.667651246875 0.49308375 0.7260993765625 0.4456702828125 0.7437697328125 0.4466899234375 0.737823815625 0.42017915781250004 0.7242312703125 0.43496401249999994 0.68886938125 0.452827628125 0.6426546328125 0.493613409375 0.6093527359375 0.527771503125 0.5482566484375 0.57365551875 0.514275146875 0.5960877 0.44035842656249996 0.6291720953125 0.42978096250000003 0.65158633125
1 0.3737936765625 0.47346969375 0.40435784531249996 0.429741709375 0.42568168906250003 0.3534939890625 0.42852485937499996 0.3039256875 0.463353784375 0.201551134375 0.48609923593750004 0.138169821875 0.48894240624999996 0.0789845296875 0.5259037078125 0.0011372125 0.5159526140625 0.0000708140625 0.4846776515625 0.0527928578125 0.471883340625 0.09971453125 0.45766744375 0.1737849625 0.42070611874999997 0.270827509375 0.4135981953125 0.34326315625000003 0.3951175203125 0.41844446875 0.3706592828125 0.46094923281250005 0.3737936765625 0.47346969375
1 0.48393585781250004 0.1269505796875 0.495754128125 0.0986919515625 0.5097883453125001 0.0843999890625 0.5578001203125 0.061682253124999996 0.6146756046874999 0.0428431609375 0.6567782296875 0.0389645359375 0.7003581375000001 0.0234499796875 0.73729025625 0.022895890625000002 0.757233621875 0.022895890625000002 0.7949044046875 0.032869534374999995 0.8133704890625 0.0339777140625 0.8362683656250001 0.0400727140625 0.876155096875 0.0572495390625 0.910132653125 0.06943954062499999 0.95888306875 0.077196809375 0.9625762953124999 0.071655896875 0.919735003125 0.0644527171875 0.8820642187500001 0.0489381609375 0.855473115625 0.03563998125 0.8096772624999999 0.028436801562500003 0.7395062015625 0.0145845328125 0.6937103484375 0.0195713546875 0.596948184375 0.038410446875 0.5607546812499999 0.0511545375 0.5297317109375 0.0644527171875 0.49649276875000004 0.0843999890625 0.4737370515625 0.11219267968749999 0.48393585781250004 0.1269505796875
1 0.541791290625 1 0.5507391296875 0.987417075 0.5996540328125 0.9194753796875 0.6616924046875 0.8617504265625 0.7171690625 0.8085002625 0.7279064843749999 0.8089477421875 0.7523639171875 0.8008930984375 0.7636978812499999 0.8022355343750001 0.7762248484375001 0.8058153812500001 0.8173849546874999 0.8089477421875 0.8490006828125001 0.8067103390625 0.8871781234375 0.8008930984375 0.9378826109375 0.7856787671875 0.9999209828125 0.7677795484375001 0.997534896875 0.7588299468749999 0.9384791124999999 0.77449175625 0.8812129109375 0.7941808906250001 0.8490006828125001 0.7986556953124999 0.8120162437499999 0.7964182937500001 0.7809970171875 0.7977607375 0.7583291703125 0.7874686828125 0.72969606875 0.7946283703125 0.7165725609375 0.7950758484375 0.6968873 0.8129750671875 0.6557271921875001 0.8460637203125 0.5918992171874999 0.9037886875 0.5781791875 0.9252677468750001 0.55551131875 0.9498791656250001 0.5268782187500001 0.9959696359375 0.541791290625 1
1 0.702244559375 0.9457069671875 0.6813797 0.9227883859375 0.6694569421875001 0.9096521265625 0.6523179625 0.8948833437499999 0.6430033015625 0.8834240546875 0.6150593078125 0.861064465625 0.6050077593750001 0.84850004375 0.5893591218750001 0.8345253046875 0.5718475453125 0.8213890421875 0.55172786875 0.796793490625 0.550237528125 0.800149821875 0.565886153125 0.82334789375 0.588241353125 0.8412355687499999 0.6199112015625 0.8722518296875 0.6523262453124999 0.8993628375 0.6743088484374999 0.921968034375 0.6988995609375 0.9557869171875 0.7179014796875001 0.9842954046875001 0.7264709578125 1 0.7327846140625 0.997415209375 0.717148025 0.96527160625 0.702244559375 0.9457069671875
1 0.6385095518418652 1 0.6398053111122834 1 0.6390284474973849 0.9905667823049784 0.6311752226732535 0.9797664646994886 0.6251544040862846 0.9713225794268338 0.6112803606751844 0.9450090779021864 0.5803909909534051 0.9096771482069043 0.5704435599543706 0.900055046767832 0.5497512029243434 0.8829966072461156 0.5322123294637344 0.8719999208288888 0.5251444165769059 0.8611996032233986 0.5131027881905601 0.8562903664499963 0.49922875356705176 0.8482392220968109 0.46495316195979397 0.8380463577781683 0.4639060588723424 0.8407955310304727 0.4714975189091007 0.8447229171531992 0.49191591048191563 0.8494357818188693 0.5180933558543266 0.8627889005689312 0.5267319101909446 0.8720182676805248 0.5497680550885926 0.8883169251986327 0.580919207172929 0.9157996135420061 0.6008140515958141 0.9409349005482337 0.609714388294989 0.9507533740950386 0.6191382545689098 0.9672245210317671 0.6212324431686291 0.9752756620889571 0.6264679498182952 0.9786139450724681 0.6327505156174532 0.9868614615333859 0.6345829394297995 0.9982307182802959 0.6385095518418652 1
0 0.8228044203125 1 0.840668625 0.988533825 0.8883064624999999 0.9714106062500001 0.9299895859375 0.9446090390625 0.9637330578125001 0.9286025484374999 0.99549159375 0.9200409390625 1 0.8843055265625 0.9870557671875 0.8999397734375 0.9726651609375001 0.9096181171875 0.9488462421875001 0.9148295281250001 0.9389216875 0.9200409390625 0.9155989796874999 0.93083601875 0.8957498703125 0.943864553125 0.8530743281250001 0.9587543140625 0.832728975 0.970293865625 0.780011834375 0.9976451187500001 0.8228044203125 1
1 0.9012083734375 0.94015923125 0.9180801265625 0.9263862109375 0.9041857625 0.9107519640625 0.870442290625 0.89697893125 0.833721428125 0.8787389859375001 0.7940232421875 0.850448446875 0.7533325703125 0.826252590625 0.6932890328125 0.7797221046875 0.7300098625 0.8109905921875 0.7692118375 0.8448647921875001 0.7910458515625 0.8552705046875 0.8352101218750001 0.88505001875 0.8605177359375 0.8991952875000001 0.88185550625 0.9096181171875 0.9041857625 0.9192964546875 0.90281781875 0.9374701859375 0.9012083734375 0.94015923125
1 0.761915803125 0.7910051796875 0.778787521875 0.772765234375 0.8348612515625 0.7262347484375 0.8596726218749999 0.7158119125 0.9167388031250001 0.695710746875 0.9996088078125 0.6540194265625 0.9981201125 0.6473190375 0.9534596328125 0.6707704046875 0.882002878125 0.702783378125 0.8388310609375 0.7180453828125 0.8055838312500001 0.74000776875 0.7837498171874999 0.758247715625 0.7559964421875 0.78560011875 0.761915803125 0.7910051796875
1 0.72684393125 0.7934147109375 0.7686861265625 0.75900434375 0.7782943390625 0.7538892890625 0.7851130687500001 0.7538892890625 0.8033996609375 0.7411016578125 0.819826603125 0.731336553125 0.896382353125 0.7092488218749999 0.9087800484375 0.7097138265625 0.91745840625 0.7036687640625 0.9103297453125 0.70552878125 0.898551953125 0.70552878125 0.8632367671875001 0.7155263875 0.8015582421874999 0.7345915890625 0.7894704984375001 0.74668171875 0.7798622859375001 0.7492392390625 0.7631253906250001 0.75505180625 0.7315112921875 0.7801620640625 0.7203533609375 0.794112215625 0.72684393125 0.7934147109375