0 0.5656310671875 1 0.548854953125 0.9279740640625 0.4939173453125 0.8382865921875 0.3950296546875 0.787036615625 0.3046878046875 0.7476839640625 0.2155667609375 0.649759903125 0.19115010625 0.6167788765625 0.147200021875 0.588408346875 0.10813322656249999 0.5216003453125 0.0690665 0.519769984375 0.0898207359375 0.574680684375 0.126445784375 0.6167788765625 0.167954190625 0.66253776875 0.22411267031249998 0.7439886125 0.2644002046875 0.79981446875 0.368171253125 0.8446582046875 0.41578382343750003 0.8713695015624999 0.44996726093749995 0.9409230453124999 0.46705894531250003 1 0.5656310671875 1
1 0.7297129499999999 0.6895315046875 0.7240729140625 0.615504665625 0.7198429265625 0.5848520921875 0.728302940625 0.5605414343749999 0.7198429265625 0.5547280140625 0.711382875 0.49281730156250003 0.70010284375 0.4304551890625 0.6972828265625 0.39980261562499997 0.6862469859375 0.369144446875 0.692347815625 0.4018616671875 0.6972828265625 0.451011490625 0.709972865625 0.5340508125000001 0.7163178859375 0.5583614703124999 0.7156129015625 0.59007103125 0.7212529359375 0.6989745265625 0.7339429749999999 0.8010042374999999 0.7741280875000001 0.9136178421875 0.7878047515625 0.91104284375 0.76496305 0.8549496609375 0.7515680265625 0.824825596875 0.7445179828125 0.79575850625 0.7297129499999999 0.6895315046875
1 0.6404650843749999 0.758035940625 0.5256198078125001 0.6687220109374999 0.4480695609375 0.5984325015625 0.43890452343749997 0.5926190796874999 0.4558245890625 0.6137587796874999 0.4981246953125 0.6496962796875 0.5411298640625 0.6882762359375 0.66027523125 0.778648471875 0.7223154203125 0.8203993765625001 0.746990475 0.8357256640624999 0.741497759375 0.8282611640624999 0.6898152343749999 0.79133096875 0.6404650843749999 0.758035940625
1 0.2636078421875 0.7051625984375 0.279822884375 0.6824374078125001 0.3475031078125 0.54863425 0.3968532578125 0.4323314015625 0.43210335781250003 0.33985718593750003 0.4490234234375 0.22623128124999997 0.42998836406249996 0.31713199531249997 0.407428303125 0.38485822187499996 0.36512815781249996 0.48580029218750004 0.3249430078125 0.569322109375 0.28969290625 0.6348551859375 0.250212778125 0.6877044390625 0.2636078421875 0.7051625984375
0 0.324034640625 0 0.3422017234375 0.046012559375 0.3943332421875 0.13719805000000002 0.481219134375 0.2834762703125 0.4946469734375 0.3136740671875 0.5120241171875 0.282292071875 0.507389571875 0.2734088578125 0.48045413437500006 0.22544535312499997 0.44333015937500003 0.16860245000000001 0.3927783453125 0.06024568125 0.35562951875 0 0.324034640625 0
0 0.56494553125 0 0.5317709484375001 0.147882296875 0.5254519546875 0.21834380156250002 0.5191329625 0.2781472484375 0.544408890625 0.3101170734375 0.5625759296874999 0.24969910624999997 0.5467784906250001 0.1656189984375 0.5633657828125 0.07680196875 0.5862720671874999 0 0.56494553125 0
0 0.544829740625 0.5061814296875 0.5992578515625 0.4753574078125 0.6568876265625 0.43695640156250004 0.7604077703125001 0.36971786562500003 0.785487396875 0.34651724375000004 0.8276425359375 0.28289494843749996 0.852722134375 0.2172931890625 0.852722134375 0.186492375 0.838314690625 0.19847848437499999 0.8084326109375001 0.28650659843750004 0.7572061359375 0.3469082078125 0.7134501796875 0.36854809843749997 0.645681846875 0.420549478125 0.61099725625 0.44375010000000004 0.5343450140625 0.48754553281249996 0.544829740625 0.5061814296875
1 0.748492225 0.35127422343750003 0.7794415546875 0.2916726328125 0.8103908843750001 0.2504715375 0.8215966640625 0.22407083437500003 0.814659740625 0.2232708140625 0.80131951875 0.23927123906249997 0.761832446875 0.295272728125 0.724955559375 0.3568308703125 0.748492225 0.35127422343750003
1 0.7840752609375 0.2545783359375 0.775640878125 0.20368071875 0.7684716468749999 0.13628757656249998 0.76973681875 0.0913613625 0.7621458765625 0.07523852812500001 0.756663525 0.078740178125 0.75961555625 0.1192053640625 0.763832734375 0.1502048453125 0.7650979078125 0.19730884375 0.7710019671875 0.24093536875 0.7801234781249999 0.2620874125 0.7840752609375 0.2545783359375
1 0.8514978359375001 0.1865549578125 0.8664267515624999 0.14301960625000001 0.8900641953124999 0.10414123593749999 0.929045259375 0.0323310390625 0.9564149531249999 9.015625000000001e-7 0.949779859375 0 0.9265570984375 0.0202072359375 0.8983580390625001 0.075531959375 0.8685002078125 0.1240271578125 0.845481846875 0.1880385640625 0.8514978359375001 0.1865549578125
1 0.8125167718749999 0.24251095625 0.8606210453124999 0.23318496249999998 0.8904788765625 0.2294545515625 0.91328695625 0.2210611515625 0.9705144593749999 0.20209829531249998 0.9763201453124999 0.1996113546875 0.8925523546875 0.22416982812500003 0.8788675078124999 0.22634589218749998 0.8419599 0.233495821875 0.816377784375 0.239284103125 0.8125167718749999 0.24251095625
1 0.845692128125 0.2468630859375 0.8809409640625001 0.22634589218749998 0.9676116406249999 0.1769180875 1 0.1548465546875 0.9696850953125 0.16759209218749999 0.8987727218750001 0.211113421875 0.8499593953125 0.2384445625 0.845692128125 0.2468630859375
1 0.7908365296875 0.28253583125000004 0.8439171234374999 0.25828823437500004 0.8675545890624999 0.253625228125 0.8804100484375 0.252692625 0.9285143218749999 0.2511382953125 0.9616897015625 0.24896223125 0.9529811515625 0.2477187609375 0.8770925015625 0.24802962812499998 0.849308125 0.253625228125 0.8269147515625 0.2626403640625 0.7928706562500001 0.277869375 0.7908365296875 0.28253583125000004
1 0.7251087890625 0.5738125640625 0.7392452625 0.554605253125 0.7860722671875 0.4936716546875 0.847477496875 0.41882931718750005 0.8435016203125001 0.4224720859375 0.7856304890625 0.48572379843749997 0.7644258140625 0.51585943125 0.748522303125 0.5350667609374999 0.7241923625 0.5690834609375 0.7251087890625 0.5738125640625
1 0.67085366875 0.516737428125 0.6703673765625 0.5353056140625 0.6786345125000001 0.562282203125 0.708298990625 0.6045698265625 0.715381365625 0.6018456640625 0.6854427484375 0.5659514734375 0.67085366875 0.516737428125
1 0.7298027874999999 0.6409854890625 0.7650370125 0.6079593187500001 0.829126871875 0.555816953125 0.863146153125 0.525761090625 0.8339867812499999 0.545570634375 0.7935888953125 0.5797250218750001 0.77111188125 0.598893865625 0.748027396875 0.618020321875 0.7264112875000001 0.6411489593749999 0.7298027874999999 0.6409854890625
0 0.5065615921875 0.481783175 0.5459800593749999 0.333349171875 0.5148119703125 0.27768639375 0.4900608359375 0.31204613281250004 0.48364388125 0.3883247328125 0.45359360937500004 0.4762986578125 0.5065615921875 0.481783175
1 0 0.5249477437500001 0.010500090625 0.5086157703125 0.0471536578125 0.41600529843749995 0.0575614546875 0.3847971796875 0.1082429359375 0.2915120765625 0.052131304687500005 0.375999634375 0.027695593750000004 0.44692528125 0 0.505610096875 0 0.5249477437500001
1 0.06672830937499999 0.8018207531250001 0.05541548281250001 0.811997303125 0.06129815937500001 0.8177640265624999 0.0703484265625 0.8153894890625001 0.1527058265625 0.7709518625 0.216510165625 0.7326201609375 0.20881745624999998 0.7265142265625 0.200291315625 0.7337828953125001 0.14953823593749999 0.7617929625000001 0.06672830937499999 0.8018207531250001