0 0.0008335171875 0.2928768421875 0.0795545140625 0.332237340625 0.1474089265625 0.36119046093749996 0.3943767640625 0.47058949375000003 0.46229291874999995 0.49142740468749996 0.4962509953125 0.5082135 0.5579929546875 0.52847258125 0.6135607171874999 0.5383127046875 0.693053490625 0.5493104921875 0.7030865578125 0.55567763125 0.738588184375 0.5742002187499999 0.7733180374999999 0.5851980046875 0.7887535265625 0.60372059375 0.8210548718749999 0.6342215234374999 0.8340645453125 0.6396422203125 0.946967296875 0.665076665625 0.9299882578125 0.6517635546875 0.8369555828124999 0.6103704578125 0.816718315625 0.5843511125 0.8123817578124999 0.5594159078125001 0.7646796265625 0.5539952109375 0.7429968390624999 0.5344807031250001 0.7401058 0.5138820546875 0.682285034375 0.5138820546875 0.5594159078125001 0.49111512812499997 0.5218324109375 0.46834820156249996 0.4929220265625 0.4423288578125 0.404745359375 0.4184777921875 0.228392025 0.32957836406249996 0.148888471875 0.2699507 0.1662347015625 0.2656141421875 0.147442953125 0.24067893749999997 0.1387698375 0.216827871875 0.1199780890625 0.2287534046875 0.0751669953125 0.20815475625 0.0057820765625 0.1691257390625 0.0008335171875 0.2928768421875
1 0.9515979437500001 0.663340171875 0.965489884375 0.6627613421875 0.9971326390625 0.6621825109375 0.9994479625 0.6517635546875 0.9562285906250001 0.65060589375 0.94233665 0.6523423859374999 0.9515979437500001 0.663340171875
1 0.926901159375 0.663919003125 0.93307535625 0.67896860625 0.9546850421874999 0.698070025 0.9762947265624999 0.7131196265625 0.98864311875 0.7096466421875001 0.984012471875 0.7050159953125 0.9585439140625001 0.6888087296875 0.9508261687499999 0.6720226359375 0.926901159375 0.663919003125
1 0.8175205109375 0.57389198125 0.8298822109374999 0.5711105984375 0.8595502953124999 0.5686382578125 0.9370169562499999 0.56925634375 0.9559715640625001 0.5720377265625001 0.9563836218749999 0.5701834703124999 0.9695694359375 0.5646207046875 0.968333265625 0.5590579390625 0.95473539375 0.563693578125 0.8566658984375 0.5612212375000001 0.810515546875 0.5609121953125 0.8175205109375 0.57389198125
1 0.9708056062500001 0.561839321875 0.9988254624999999 0.549168578125 1 0.5457691109375 0.9951169515625 0.54546006875 0.968333265625 0.5584398546875 0.9708056062500001 0.561839321875
1 0.968333265625 0.5701834703124999 0.9745141171875 0.5689472999999999 0.9971772359375001 0.5664749609374999 1 0.5621483656249999 0.97162971875 0.563693578125 0.968333265625 0.5701834703124999
1 1 0.5964520859375 0.962976528125 0.574819109375 0.9625644718749999 0.5714196406250001 0.9522630546874999 0.57389198125 0.9889361015624999 0.5961430437499999 1 0.5995425109375 1 0.5964520859375
1 0.84839485 0.5288497234375 0.8487335296875 0.5255475875 0.8426372796875 0.52326149375 0.8358636671875 0.5252935765625 0.8155428328125 0.5402801921875 0.8009795687500001 0.5514566515625 0.8063984578125 0.556790871875 0.8209617218749999 0.542820296875 0.84839485 0.5288497234375
1 0.8525017265624999 0.5246693328124999 0.8501747999999999 0.5275251078125 0.8539825000000001 0.5270491453124999 0.8984056656250001 0.5241933703125 0.9051749109375 0.5229241359375 0.9115210781249999 0.5195923984374999 0.9206172499999999 0.5157846984375001 0.9470596109375 0.5022990953125 0.9508673109375 0.4962702359375 0.93584805 0.5046789078125 0.907713378125 0.5176885484375 0.8956556609374999 0.5218135578124999 0.8510209546875 0.524510678125 0.8525017265624999 0.5246693328124999
1 0.847001715625 0.5257799109375 0.8573671218750001 0.5184818203125 0.8994633609375 0.4976981234375 0.912578771875 0.48992406875 0.943040371875 0.47707308125000003 0.944944221875 0.471678840625 0.9030595218749999 0.49198657343749996 0.8450978656249999 0.523082790625 0.847001715625 0.5257799109375
1 0.8431940156250001 0.521210671875 0.8459440218750001 0.49961466562499995 0.8489055656250001 0.48279732500000005 0.8476363328125001 0.47740308281250005 0.8539825000000001 0.4766098125 0.8618094390625 0.4708982609375 0.8683671437499999 0.46407613281250004 0.8664632937500001 0.46328286093750004 0.8493286437500001 0.47548019375 0.8482709500000001 0.47421096093750004 0.8389632375 0.4494609109375 0.8366363109374999 0.43946569843749994 0.8349439999999999 0.43010510156250004 0.83219399375 0.43105702656249995 0.8347324609375001 0.44597051875 0.8444632500000001 0.47231345625000004 0.8446747875 0.48135674375 0.840232471875 0.5010298609375 0.8400209328124999 0.5046789078125 0.8395978546875 0.5088039156249999 0.8381170828125001 0.5238760609375 0.8431940156250001 0.521210671875
1 0.7331527578125 0.5136074046875 0.7843561703125 0.48829175156250004 0.796084325 0.48207010781250004 0.8006611671874999 0.4782083984375 0.7932238 0.47263037187499995 0.7843561703125 0.4784229375 0.752604334375 0.4951570125 0.72457118125 0.5097456953124999 0.7331527578125 0.5136074046875
1 0.7660488046875 0.46876866250000004 0.7580393328125 0.46276585 0.7560369640625 0.45718782343750003 0.7474553875 0.45525696875 0.737443546875 0.45182433906249997 0.732580653125 0.44817716875 0.7217106546875 0.43315940781249995 0.717991971875 0.43444664375000003 0.7268596015625 0.449035325 0.7420203890625 0.45804598125 0.75432065 0.4606204546875 0.75517880625 0.46491124375000004 0.7591835437500001 0.47027472968749995 0.7689093312499999 0.4752091359375 0.77663275 0.47606729375 0.7826398546875 0.47821268906250003 0.784642221875 0.47541938593750005 0.775488540625 0.471557675 0.7660488046875 0.46876866250000004
1 0.8087616046875 0.4351058140625 0.822307040625 0.40995838281249997 0.8500586640625001 0.3684548390625 0.8791317937500001 0.33625304375 0.90670831875 0.3155656953125 0.912985471875 0.3020615578125 0.90406530625 0.3119728515625 0.8875464828125 0.3247336421875 0.8778003765625 0.329815659375 0.8630986234375 0.34592151250000003 0.8548392125 0.35521335 0.8404678359375 0.37354924375 0.8183326125000001 0.4066306671875 0.8029767140624999 0.43747957031249995 0.79009203125 0.46832847343750006 0.7881097718750001 0.47501859687500003 0.7930687234375 0.47214927656250005 0.7975288046875 0.46335300312500005 0.8087616046875 0.4351058140625
1 0.7995143671875 0.42893355624999996 0.8062870859375 0.411960465625 0.8023225671875001 0.4048986671875 0.8029833203125 0.40861540312500005 0.8014966265625001 0.4139427234375 0.7958802265625 0.42769464375000005 0.7938979671874999 0.4315352703125 0.7917505203124999 0.43326974687500003 0.7902638265624999 0.435375896875 0.7907593921875 0.4379776125 0.7909245796875 0.44305715 0.7879511906250001 0.4455349734375 0.7905942031250001 0.45334011875 0.7924112734375 0.4622553265625 0.7925764625 0.4473883859375 0.7995143671875 0.42893355624999996
1 0.7798569671875 0.398704109375 0.7805177203125 0.3907750734375 0.78002215625 0.3864388828125 0.7806829093750001 0.37095496250000004 0.7824999796875 0.36426483906249996 0.7839866734375 0.3555924578125 0.7843170500000001 0.34518559843749996 0.7798569671875 0.347663421875 0.77870065 0.3549730015625 0.7783702734375 0.363273709375 0.77457094375 0.37789286875 0.7770487671875 0.40279499531249996 0.7854733671874999 0.4466995515625 0.7869600625000001 0.45710640937499997 0.787620815625 0.4616903828125 0.787620815625 0.47358393593750003 0.791915709375 0.46119481875 0.78861194375 0.4445438453125 0.7867948734375 0.4342608765625 0.7798569671875 0.398704109375
1 0.798421734375 0.47382433749999997 0.815298603125 0.45320330468750003 0.8217576515625 0.44523367187499996 0.83571753125 0.4253814734375 0.848218915625 0.4166305046875 0.8546779640625 0.41506783125 0.8582200234374999 0.41162995156250004 0.865304140625 0.40647312968750005 0.8719715453125 0.40537925937499997 0.8796807328125 0.40475418906250005 0.8857230671874999 0.4014725765625 0.890931978125 0.396472021875 0.890306909375 0.3927216078125 0.88738991875 0.3936592109375 0.87884730625 0.40100377500000006 0.8596785171875 0.4035040515625 0.85280275625 0.410692346875 0.84342671875 0.41459902968750006 0.84509356875 0.40975474375000004 0.8509275484375 0.3906901328125 0.8580116656250001 0.379592028125 0.8615537249999999 0.370528525 0.8715548328124999 0.3567707515625 0.8807225140625 0.3483323171875 0.8986411640625 0.3375498734375 0.9025999359375 0.3342682609375 0.8994745906249999 0.3319242515625 0.8894734828124999 0.339737615625 0.8753052484375001 0.347238446875 0.8636146296874999 0.3586009578125 0.8516807562500001 0.383214571875 0.8451171265624999 0.3982810875 0.83994578125 0.415895484375 0.8327854578125 0.422906634375 0.8274152140625001 0.4296194375 0.8184648093750001 0.4397632296875 0.8128956687500001 0.4487136359375 0.7949948578125 0.47079130156250004 0.798421734375 0.47382433749999997
1 0.5155516828125 0.461947965625 0.551401303125 0.462204034375 0.557546953125 0.459131209375 0.5735939250000001 0.45093701093750005 0.5855437984375 0.44914452968749996 0.5882751984375 0.4435110171875 0.599542221875 0.4419746046875 0.6118335203124999 0.44274281093749995 0.6172963203124999 0.43429254375 0.6384646671875001 0.41483132187500005 0.654511640625 0.3971625796875 0.653487365625 0.3979307859375 0.6347089921875 0.408429603125 0.6087606953125 0.43685323125000003 0.5899823234375 0.43710930000000003 0.5828124 0.438133575 0.558571228125 0.44607170468749996 0.5237458828125 0.44658384218749997 0.504967509375 0.44607170468749996 0.5155516828125 0.461947965625
1 0.510430309375 0.4404381921875 0.5213559078125 0.43224399375000006 0.5643754515625 0.4194405578125 0.6087606953125 0.409197809375 0.62890476875 0.4007475421875 0.700262584375 0.391273 0.750452053125 0.38589555625 0.7593291015625 0.3792377703125 0.7309908296875001 0.382054525 0.62173484375 0.3976747171875 0.5937379984375 0.405100709375 0.5196487828125 0.4266104828125 0.49370048593750004 0.43326826875 0.4931883484375 0.4335243375 0.49301763593750003 0.43378040625000003 0.4967733109375 0.4419746046875 0.508723184375 0.44581563593749995 0.510430309375 0.4404381921875
0 0.0056952437500000005 0.2979217703125 0.0014238109375000001 0.3422378875 0.012102393749999999 0.3406361 0.0249166921875 0.35451825625 0.0840048484375 0.43034687031249996 0.0932596203125 0.45170403593749997 0.10109057968749999 0.4970880109375 0.11746440625000001 0.5312594734375 0.1359739484375 0.5659648671874999 0.17937563125 0.6042484625 0.15119785 0.6331135078125001 0.14157616875 0.6413606625 0.1402016421875 0.6568240796875 0.13745259062499998 0.6965135140625 0.136078065625 0.7093996953125 0.12233280625000001 0.740326528125 0.11202386093750001 0.7429037640625 0.10515123281250001 0.74445010625 0.098278603125 0.7516663671875 0.10446396875 0.759398075 0.126456384375 0.7604289703125 0.1395143796875 0.7418728703124999 0.156008690625 0.70681215 0.1628813203125 0.66969995 0.1690666875 0.6475357203125001 0.18899731250000001 0.6252271640625 0.194495415625 0.6200726921874999 0.21098972656249998 0.6205881390625 0.221985934375 0.6149182203125 0.2288585640625 0.606671065625 0.21786235625 0.5953312265624999 0.1903718390625 0.5757442312500001 0.1718157390625 0.5535800015625 0.1587577421875 0.5298694296875001 0.13882711718750002 0.4649333890625 0.1484487984375 0.458232575 0.16081953124999998 0.45256265625000003 0.1491360609375 0.44276915937499994 0.116834703125 0.39586346250000004 0.0914059734375 0.3561740265625 0.079722503125 0.3355561375 0.0056952437500000005 0.2979217703125
1 0.22564198906250002 0.61440094375 0.242151803125 0.62589885 0.2566961640625 0.6371019375 0.3003213828125 0.662161478125 0.3062177453125 0.667763021875 0.3085762890625 0.6713008390625 0.316045015625 0.6730697484375 0.31801046875 0.67808165625 0.344347553125 0.6975396515625001 0.3722570015625 0.712575375 0.3856220890625 0.722304371875 0.39702172343750003 0.722304371875 0.43279298749999995 0.734097096875 0.44733734687500004 0.739698640625 0.4567715265625 0.7367504593749999 0.4233588078125 0.725252553125 0.40252499375 0.71552355625 0.3860151796875 0.7116909203125 0.3416208 0.681953159375 0.321742003125 0.6620743625000001 0.27241313749999996 0.6294952234375 0.2348643 0.607407671875 0.22564198906250002 0.61440094375
1 0.2767437953125 0.66304593125 0.362830684375 0.72676791875 0.3667615921875 0.7303057359375 0.37147868125 0.730895371875 0.37462340781250003 0.7297161 0.42297357812499997 0.74121400625 0.446559028125 0.7459310953125 0.4713316109375 0.745046640625 0.48371445468749996 0.7424555093749999 0.46726354531250003 0.7403991453125001 0.4654352484375 0.7359072796875 0.45914579531250005 0.7391502796875 0.4536425234375 0.74121400625 0.4469599796875 0.74121400625 0.43516725625 0.7403295515625 0.41826435 0.7356124625 0.3938927203125 0.731190190625 0.38249308593750003 0.727947190625 0.3734519984375 0.722345646875 0.3687349078125 0.722345646875 0.34194969999999997 0.7055115328125 0.302247528125 0.6751452671875 0.25192404062499996 0.6338530421875 0.2275524109375 0.6167535921875 0.22204913906249998 0.6167535921875 0.222104171875 0.62265585 0.25079980156250004 0.6421138453124999 0.2767437953125 0.66304593125
1 0.33305518749999996 0.667880625 0.33510014374999997 0.666858146875 0.3419166640625 0.6660401640625 0.3488695140625 0.6649154375 0.354731721875 0.66235924375 0.3774989 0.6568317265625 0.38267945625 0.6564227359375 0.3889506546875 0.651821584375 0.3954945140625 0.6485496546875 0.39917543437499997 0.646300203125 0.4046286515625 0.6418012984375 0.40694626874999995 0.6398585906250001 0.4152624234375 0.6312615953125 0.4182616921875 0.6286031515625 0.4178527015625 0.6274784265625 0.4208519703125 0.626558196875 0.4227605953125 0.6246154875000001 0.426032525 0.6237975046875001 0.42807748125 0.619809840625 0.4309404203125 0.6170491499999999 0.433667028125 0.6151064421875 0.4355756546875 0.6121412562499999 0.44730006875 0.6037569359375 0.45261695468749996 0.5970085796875 0.45575255468750003 0.5925096765625 0.4547982421875 0.590669215625 0.44361914843749994 0.6014215953125001 0.429577115625 0.613998075 0.4272594984375 0.616349775 0.419624996875 0.623507121875 0.41717104843749997 0.624938590625 0.4149897625 0.6263700609375 0.40558296406250005 0.6360836015625 0.396312496875 0.6425252140625 0.387178359375 0.6490690734375 0.38452808437499997 0.6500861546875 0.38320029375 0.6502853234375 0.37576466875 0.65426869375 0.344694375 0.66044291875 0.3284953328125 0.664426290625 0.33305518749999996 0.667880625
1 0.3262386671875 0.6620524999999999 0.3348274828125 0.649680515625 0.3361907859375 0.6471243203125 0.3371451 0.64569285 0.3380994125 0.6441591328125 0.340689690625 0.6433411515625 0.3412350109375 0.6417051859375 0.34109868125 0.6402737171874999 0.343552628125 0.6370017875 0.3473698796875 0.631275909375 0.35023281875 0.6270837499999999 0.3530957578125 0.6251410421875 0.35554970468749997 0.6234028281249999 0.3569130078125 0.620846634375 0.35882163437500003 0.61685896875 0.3616845734375 0.6145072703125 0.36127558125000003 0.6122578187500001 0.3626388859375 0.607145428125 0.3672741203125 0.600294825 0.3691827453125 0.591092521875 0.3667287984375 0.5919105046875 0.3630478765625 0.602439984375 0.36032126875000003 0.6069388874999999 0.35977594687500003 0.6096995781250001 0.3575946609375 0.6110287999999999 0.354731721875 0.618697384375 0.3518687828125 0.62002660625 0.35118713125 0.6221738109375 0.3473698796875 0.6254498296875 0.34409795 0.62943749375 0.342189325 0.6321981859375 0.34028069843750003 0.6351633718749999 0.3361907859375 0.6406847531250001 0.3341458296875 0.642729709375 0.33210087499999996 0.6449791609375 0.33005591875 0.6470241171875 0.330464909375 0.64988705625 0.32392105 0.6589871109375001 0.3262386671875 0.6620524999999999
1 0.32214875468750004 0.659993228125 0.3291016046875 0.634537615625 0.331419221875 0.6269712765625 0.33305518749999996 0.6248240734375 0.333464178125 0.6229836125 0.33360050937499997 0.6206319140625001 0.3367361078125 0.61746223125 0.3389173953125 0.6117363546875 0.3469608890625 0.604476759375 0.3510508015625 0.601000334375 0.355686034375 0.5961946874999999 0.35704933906249997 0.5936384921875 0.351732453125 0.5942519796875 0.351732453125 0.5961946874999999 0.335645465625 0.6121596593749999 0.3331915171875 0.6160450765625 0.3281472921875 0.6270837499999999 0.32692031875 0.6344455921875001 0.32310306718750004 0.642932159375 0.32064912031250004 0.653872675 0.31969480781250004 0.6594963046875 0.32214875468750004 0.659993228125
1 0.4799365171875 0.7439880421875 0.4962517796875 0.7433386640624999 0.5075076640625 0.741498759375 0.5233813484375001 0.7410658406249999 0.5521069453125 0.73825186875 0.5629299109375 0.738035409375 0.572165509375 0.7354378984375 0.5799580453125001 0.730983165625 0.5936671375 0.7287103421875 0.603479959375 0.723731778125 0.6102623515625 0.7176709156250001 0.6132927828125 0.71280058125 0.6118497203125 0.7100948390624999 0.6020426703124999 0.7218918734375 0.593528603125 0.7261128296875 0.5653917765625 0.73239015 0.5612068953125 0.7333642171875 0.5534143593749999 0.7344465140625 0.519791009375 0.7379098640625 0.5046388562499999 0.7381263234375 0.4956918703125 0.73931685 0.4834258421875 0.7408320640625 0.4799365171875 0.7439880421875
1 0.48036943593750003 0.739812540625 0.488017665625 0.7379726375 0.49133670937499996 0.7361327328125 0.49465575156249997 0.7361327328125 0.4959545078125 0.7348339765625 0.4962431203125 0.73234469375 0.50288120625 0.7293142640625 0.5059116375 0.7269332109375 0.5070660874999999 0.7222793359375 0.5070660874999999 0.7181666078125 0.50923068125 0.715194621875 0.5112509671875001 0.7092419890625 0.5124054171875 0.7048045734375 0.5135598671875 0.6999342390625001 0.5121168046875 0.6984190234375001 0.50951929375 0.7011247640625 0.5082205375 0.7067527078125 0.5059116375 0.7115148125 0.50620025 0.716714165625 0.503314125 0.7213680421875 0.5014381453125 0.7253725390625 0.49465575156249997 0.730784021875 0.48123527343749994 0.73706134375 0.48036943593750003 0.739812540625
1 0.479614959375 0.745481921875 0.47258542812500004 0.7448793890625 0.47258542812500004 0.7474401484375 0.48242677343749996 0.75527305625 0.49909680781250004 0.7667211515625 0.513758403125 0.774554059375 0.5276166250000001 0.7814831703125 0.5384621890625 0.7881110140625001 0.546295096875 0.79082240625 0.5575423484375001 0.7918768359375 0.5691912890624999 0.7912743046874999 0.577827571875 0.788261646875 0.5617600687500001 0.7897679765625 0.550713659375 0.788261646875 0.545290878125 0.78675531875 0.5392655640624999 0.7837426625 0.5378596578125 0.7792236765625 0.5316335 0.777566715625 0.5165702171875 0.7707882374999999 0.49829343281250005 0.76129836875 0.48764871093749995 0.75406799375 0.48282846093750004 0.7498502734375 0.48343099218749996 0.7465363515625 0.479614959375 0.745481921875
1 0.1569332421875 0.2673291 0.1711240140625 0.273589734375 0.23706936562499997 0.301762590625 0.261277153125 0.3086492875 0.275467925 0.32117055781250003 0.2888239453125 0.3155359859375 0.3071884734375 0.294249828125 0.2788069296875 0.2992583359375 0.2529296390625 0.2929977015625 0.1894885421875 0.269833353125 0.1652807546875 0.2610684640625 0.1569332421875 0.2673291
1 0.2878784921875 0.3149729375 0.304135159375 0.3197991359375 0.3288588421875 0.3271654390625 0.35934009375 0.34139002343749997 0.40506197187500004 0.3551065859375 0.41623843125000004 0.3581547125 0.42673752968749995 0.3540905453125 0.3932081515625 0.3452001796875 0.3550469421875 0.3337255859375 0.32306490781249997 0.319125090625 0.2984989953125 0.309043796875 0.2878784921875 0.3149729375
1 0.30783830624999997 0.298168515625 0.3154146375 0.2945797265625 0.3449224546875 0.280822703125 0.3564863296875 0.276037653125 0.370442728125 0.2736451265625 0.38120909531249997 0.268860075 0.3967605109375 0.2625796953125 0.42068576875 0.2536077234375 0.4462060421875 0.24732734375 0.46215621406249996 0.236560978125 0.46853628281250004 0.2287852703125 0.4753151046875 0.2180189046875 0.475713859375 0.2087478671875 0.4573711625 0.23476658437500003 0.4266670828125 0.24852360624999997 0.3991530375 0.25540211875 0.3632651515625 0.268860075 0.34970750625 0.26766381250000004 0.3405361578125 0.2757385859375 0.3190034265625 0.2841124265625 0.3018569921875 0.2948787921875 0.30783830624999997 0.298168515625