0 0.0008830578125 0.638825440625 0.15029092187499998 0.6243736546875 0.1919339859375 0.6267822859375001 0.2706542046875 0.6315995484375 0.3782921703125 0.630395265625 0.5212739578125001 0.5966744953124999 0.683534153125 0.51344989375 0.7413694671875 0.444804071875 0.7751067921875 0.3243729125 0.881138084375 0.1822640734375 0.9919892203125 0.1027795109375 0.9871695515625 0.041359582812500004 0.826515940625 0.167812353125 0.71566489375 0.318364875 0.7060256453125 0.40627964531250005 0.6803210703125 0.4448176109375 0.6530099109374999 0.46890385625000003 0.5084216265625 0.552001365625 0.42166865624999994 0.5724746640625 0.389537915625 0.57127038125 0.34134185 0.5821091875 0.23852355468750003 0.5664531187499999 0.0618045296875 0.5797005562499999 0.0023626296875000003 0.5929479953125 0.0008830578125 0.638825440625
0 0 0.5870400375 0.16153666718749998 0.564158075 0.2916661234375 0.5557278984375 0.2916661234375 0.5220071625 0.249896225 0.49069505781249995 0.129405928125 0.5051468109374999 0.01006599375 0.5171713609374999 0 0.5870400375
1 0.540679290625 0.4123749890625 0.5647774562500001 0.41357930468750004 0.6097604390625 0.4099663578125 0.6370715984374999 0.391901690625 0.79933170625 0.3774499359375 0.8587735171875 0.3822671984375 0.9166088312499999 0.353363725 0.9953291390624999 0.344933515625 0.9985423093750001 0.3304817953125 0.9792638124999999 0.3268688484375 0.87483901875 0.349750778125 0.8009382031250001 0.35697663749999997 0.709365740625 0.358180953125 0.6467107578125 0.362998215625 0.5622543062500001 0.37621156093749997 0.540679290625 0.4123749890625
1 0.0008830578125 0.31971100625000004 0.0988817734375 0.31971100625000004 0.13904517656249998 0.3136894609375 0.20170007031249998 0.299237675 0.24507655625 0.2799686921875 0.3430753609375 0.2149358828125 0.4201890828125 0.14629009531249998 0.48123747968749997 0.068009815625 0.57281011875 0.0403106234375 0.6900872437500001 0 0.6418910906249999 0.0017726578125 0.49890930312500004 0.030608114062500004 0.44107407656250003 0.070350403125 0.339862278125 0.188372971875 0.217765484375 0.2714704984375 0.1920609109375 0.2823093046875 0.08281635937500001 0.291943796875 0.0024895546875000002 0.302782603125 0.0008830578125 0.31971100625000004
0 0.0024895546875000002 0.216140165625 0 0.2643126890625 0.0506857078125 0.2643126890625 0.1727824140625 0.20289276093750003 0.2274047328125 0.1486987265625 0.2756007984375 0.09089174531250001 0.2772072953125 0.0017726578125 0.2322243125 0.0017726578125 0.238650478125 0.07282704375 0.2145524015625 0.1017305515625 0.1679628328125 0.14629009531249998 0.06675103437499999 0.207709990625 0.00717495625 0.2245621484375 0.0024895546875000002 0.216140165625
1 0.0731772 0.25347388125000003 0.041046459375 0.167967709375 0.033013796875 0.0872787984375 0.06835753125 0.0475365171875 0.0555052890625 0 0.021768051562499998 0.065601184375 0.0040961406249999995 0.12461248124999999 0.041046459375 0.23300055 0.047472625000000004 0.273947146875 0 0.370292128125 0.028194129687500003 0.373905040625 0.018739109375 0.369836821875 0.0635379515625 0.30887220000000004 0.0731772 0.25347388125000003
0 0.2961221765625 0.55010151875 0.379083109375 0.5206782265625 0.5200274234375 0.4745371109375 0.5708744593749999 0.4678499921875 0.5842552171875 0.43307699062499994 0.5592777640625 0.4217088953125 0.5200274234375 0.42772730000000003 0.44420293437499997 0.460494178125 0.3089571703125 0.5104428015625 0.2961221765625 0.55010151875
0 0.29076989375 0.51265368125 0.3041506515625 0.5059665625 0.435282428125 0.46851870624999997 0.5235956453124999 0.4270585859375 0.542328784375 0.3996413984375 0.507538696875 0.3969665625 0.426361875 0.4250524453125 0.312179125 0.467181278125 0.2624037328125 0.48997534218750005 0.29076989375 0.51265368125
1 0.5333252765625 0.400415828125 0.55651866875 0.36764895000000003 0.5832802328125 0.308089996875 0.606473625 0.2686359828125 0.802725228125 0.1668711 0.8294867921875 0.14948458125 0.8865781421875001 0.045834271875 0.9258284828125 0.0030367249999999997 0.8865781421875001 0.0030367249999999997 0.8259185703125 0.10002521874999999 0.8054013687499999 0.12409883749999999 0.795588784375 0.13747307343749998 0.638587521875 0.21436840156249998 0.6029054031250001 0.22908005625 0.5547345578125 0.289264103125 0.52975705625 0.3427610421875 0.5145921875 0.39157699375 0.5333252765625 0.400415828125
1 0.7455041546875 0.44388974374999995 0.7865385578125 0.43319034375000004 0.9194544453125 0.3997547515625 0.9997391390624999 0.384374390625 1 0.35963205781249996 0.8918008015625001 0.3830369640625 0.7963511421875 0.4071105828125 0.75843863125 0.4069015359375 0.7455041546875 0.44388974374999995
1 0.7223107640624999 0.4860185765625 0.6964412296875 0.4993928140625 0.7428279640625 0.504073790625 0.7856465265625 0.5080860359375 0.8159763124999999 0.506748609375 0.840061734375 0.493374409375 0.8677153796875 0.49538053125000003 0.8971530859374999 0.496717959375 0.9230226187499999 0.5027363640625 0.9676252421875 0.5027363640625 0.9997391390624999 0.5181167234374999 1 0.50875476875 0.99260279375 0.4973866546875 0.95959676875 0.4840124171875 0.9310510921875 0.4873560046875 0.876635884375 0.4813376 0.8418458453125 0.47799401250000007 0.7829703359375 0.490030821875 0.7207142953125001 0.4875674046875 0.7223107640624999 0.4860185765625
1 0.683952503125 0.51544186875 0.798135253125 0.51945415 0.88734055 0.5221290046875 0.9756537171874999 0.531490959375 1 0.5328283875000001 0.9988471078125001 0.5221290046875 0.9248067296875 0.5114296234375 0.8266809281249999 0.5080860359375 0.7107140671875001 0.5047424859375 0.683952503125 0.51544186875
1 0.09233586875000001 0.42294555625 0.109002484375 0.4196577171875 0.21689674218750002 0.41242445156249996 0.2607561796875 0.3959852234375 0.30900154999999996 0.34199934375 0.345843503125 0.2966270859375 0.3818082390625 0.2644061828125 0.41601864062500005 0.20325223124999997 0.45373776093749996 0.15327695624999998 0.4818077953125 0.13289230937500002 0.5467198328125 0.0506961484375 0.5309304312500001 0.051353715625 0.5204041312500001 0.073711071875 0.46426405937500004 0.12763175625 0.4467202265625 0.13552259375 0.407246725 0.19864925 0.3967204734375 0.21048549843750003 0.359001353125 0.275650034375 0.331808484375 0.2861711390625 0.3247909515625 0.3006376546875 0.2704052640625 0.372312728125 0.23444052656249997 0.3926973671875 0.1958441921875 0.3959852234375 0.1519847546875 0.401903346875 0.0949674671875 0.4078214703125 0.09233586875000001 0.42294555625
0 0.3435454375 0.9034154125 0.3908496578125 0.815374878125 0.43978501875 0.7554583874999999 0.426735540625 0.6979874765625 0.4495721265625 0.5708178140625 0.55233644375 0.51701526875 0.6224770703125 0.46810385468750004 0.61758365 0.44120258124999995 0.44630975624999997 0.5475849078125 0.413686153125 0.5610355359375 0.3843249203125 0.70899254375 0.328864821875 0.827602734375 0.25872410625 0.9290938796875 0.2489369984375 1 0.3223400828125 0.996347103125 0.33212719062499996 0.9474356796875 0.3435454375 0.9034154125
0 0.4834633984375 1 0.5798855609375 0.9777988640625 0.5830642328125 0.9595300203124999 0.5989580578125 0.936495375 0.57858715625 0.9221170437499999 0.5597533890624999 0.9277580921874999 0.51313181875 0.9468212578124999 0.43660298124999997 1 0.4834633984375 1
1 0.42560635625 0.7823776765625 0.4997772328125 0.7744346953125001 0.5241476328125 0.7672860140625 0.53050509375 0.744251390625 0.56759053125 0.6973877984375 0.590901375 0.6783246546874999 0.7106342640625 0.675147453125 0.8017584062499999 0.6044549390625 0.8801676281249999 0.5258194359374999 0.7901030437500001 0.6012777484375 0.7053363609375001 0.660055790625 0.6862638640625 0.6632329921875 0.5856034718750001 0.667998771875 0.562292628125 0.6846790359375 0.5336838828125 0.7100965609375 0.5114325953125001 0.7347198078125 0.490240984375 0.75298865 0.4330234328125 0.75298865 0.42560635625 0.7823776765625
1 0.520956728125 0.7696689140624999 0.5432079562500001 0.7760232953124999 0.5961871609375 0.770463215625 0.6216171203124999 0.765697434375 0.660821671875 0.777611896875 0.6671792484375 0.765697434375 0.697907109375 0.7593430531250001 0.7625417375 0.7688746140625 0.8324741515625 0.772051815625 0.8875725296875 0.7887320578125 0.9935308234375 0.7363084078125001 0.886512971875 0.7752289953125 0.853677996875 0.772051815625 0.7901030437500001 0.7545772515625 0.7286472046875 0.7553715515625 0.6968596687499999 0.745045690625 0.6746083828125 0.752194371875 0.6587146734375 0.758548753125 0.63540383125 0.758548753125 0.6036162953125 0.7553715515625 0.5707693203125 0.7633145328125 0.529055821875 0.7593239796875 0.520956728125 0.7696689140624999
1 0.6050767875 0.9387973078125 0.7131541968749999 0.8816078562499999 0.7311671375000001 0.8434815468749999 0.7460012890625001 0.8212412015625 0.785205840625 0.8140925203125 0.80321878125 0.8156811218750001 0.8413637765624999 0.8252126828125 0.9261304593749999 0.8387157671875001 1 0.8196526015625001 0.9928842 0.8196526015625001 0.9653350109375 0.823624103125 0.8434830078125 0.8140925203125 0.7894441875 0.7990008578125 0.7756695921875 0.7990008578125 0.725869234375 0.816475421875 0.709975525 0.848247328125 0.6856050078125 0.8720762734375 0.6644133953125 0.8895508156249999 0.593886003125 0.9209227375 0.6050767875 0.9387973078125
1 0.58176594375 0.9896323578124999 0.66017505 1 0.6728900859375 0.9824836765624999 0.71103508125 0.9697749140624999 0.7618949984375 0.972952115625 0.79050374375 0.9824836765624999 0.8466616796875 0.9975753609375 0.878449215625 0.9983696406250001 0.7777888234375 0.96103763125 0.7184521 0.9586547515625 0.6824263359375 0.9634205546875 0.632625859375 0.980895075 0.5833987671875 0.9702604109375 0.58176594375 0.9896323578124999
1 0.6072781625 0.68731931875 0.6225752484375 0.645861040625 0.6278703890624999 0.5955818515625 0.6061014609375001 0.5426564046875 0.6161034078125 0.605307584375 0.6119849687500001 0.6511763125 0.5943344781250001 0.6913114499999999 0.6072781625 0.68731931875
1 0.604336425 0.7049611421875001 0.637872303125 0.703637990625 0.7067091296875 0.69084766875 0.74554018125 0.6621797125 0.7149460390625 0.6736469046875 0.68670526875 0.6784984078125 0.6182763796875 0.6947861703125 0.604336425 0.7049611421875001