0 0.5275387734375 0.6366857687499999 0.625619496875 0.5449836 0.6313053171874999 0.462878175 0.6938495234375 0.36483751249999996 0.754972228125 0.3051244796875 0.88432505625 0.21875381562500001 0.939761940625 0.1706898875 0.8047232937500001 0.2570605515625 0.7336503578125 0.29438119218750003 0.63841254375 0.39558085 0.6085619421875 0.4371667125 0.5900829812499999 0.49581344375 0.5886614781249999 0.5310014828125 0.5062169015625 0.6035101625 0.5275387734375 0.6366857687499999
0 0.5318031859375 0.2869379984375 0.53748900625 0.2453521359375 0.5559679671875 0.172843446875 0.5858185687499999 0.1174747078125 0.6568916 0.08122036875000001 0.6938495234375 0.041767107812499996 0.6910066140625 0.00657906875 0.6412555484375 0 0.6497842781250001 0.043899709375 0.5787113421875001 0.0993475203125 0.5275387734375 0.13560186093749999 0.4976880765625 0.276354015625 0.450779921875 0.48535119531250004 0.440829784375 0.5898490109375001 0.50047589375 0.5900607671875 0.4976880765625 0.4799390625 0.5318031859375 0.2869379984375
0 0.31716277656249997 0.4331023046875 0.3285345125 0.40857731093750005 0.33848464843750004 0.289151228125 0.3044556734375 0.14055515937500002 0.2944739515625 0.11018803125000001 0.278783446875 0.054673812499999995 0.278783446875 0 0.25232875625 0.010350874999999999 0.25787419375 0.091884553125 0.2892802484375 0.21552474843749997 0.3072125453125 0.3297803 0.2858906734375 0.406554184375 0.2858906734375 0.439609621875 0.3370632421875 0.606849778125 0.38681430625 0.6676291109375 0.41135790468750005 0.6394039921875 0.3669138421875 0.587716409375 0.31716277656249997 0.4331023046875
1 0.5690733671875 0 0.54726175625 0.02755951875 0.5187764140625 0.12434471093749999 0.55245500625 0.116381246875 0.55245500625 0.090669690625 0.5877689453125 0 0.5690733671875 0
1 0.39458075312499996 0.1646878140625 0.334339275 0.1085898640625 0.3177209140625 0.0859948765625 0.2751364390625 0.036130037500000003 0.3229141640625 0.12105608593749999 0.421585546875 0.21689006093750002 0.49013620625 0.2800002328125 0.496368065625 0.256626084375 0.476633809375 0.25195127031250003 0.39458075312499996 0.1646878140625
1 0.1702566 0.0332302171875 0.160274840625 0 0.1525112421875 0.00411105 0.1647111609375 0.0390540484375 0.20131091875 0.081068865625 0.2661923140625 0.1322354078125 0.26295024218749996 0.11259196093749999 0.2290379984375 0.0889726296875 0.1702566 0.0332302171875
1 0.06433910781249999 0 0.0632300265625 0.0024470968749999997 0.08097536562499999 0.0024470968749999997 0.10592972656249999 0.0028630828125 0.1264478015625 0.00993488125 0.1608293625 0.041549984375 0.163529275 0.026589773437500002 0.1275568828125 0 0.09317528593749999 0 0.06433910781249999 0
1 0.4880755 0.0373915703125 0.47827576718750003 0.053727667187499994 0.4706537796875 0.0443344078125 0.4733759 0.059445296875 0.48372007968749997 0.0680217390625 0.49460866875000004 0.0484184328125 0.5038639578125 0.038208378125 0.52455228125 0.0492352421875 0.5310854125 0.06720493749999999 0.5330143578125 0.042273078125 0.5071305234375 0.027181515625000003 0.4880755 0.0373915703125
1 0.7596710546875001 0.2757781703125 0.7874232109375 0.248933621875 0.8060463796875 0.2319503421875 0.8173663453125 0.21825414375 0.82905145625 0.20127085937500003 0.84840494375 0.1853832671875 0.8443881828125 0.1804526375 0.8253998671874999 0.1938749125 0.788153528125 0.22921110156250002 0.779024540625 0.23331995781249998 0.7640529625 0.2426333703125 0.7527330203125 0.24948147656250003 0.7538284859375 0.2618080546875 0.7306295328125 0.29162995 0.7596710546875001 0.2757781703125
1 0.554308621875 0.26166640937499996 0.5937458906249999 0.244409196875 0.6273406390625 0.22906945625000003 0.6613005109375 0.22194743749999998 0.6883223734375 0.2142775609375 0.7127880875 0.210990475 0.7222822453125 0.20825124375 0.79247298125 0.1710027625 0.755956984375 0.1827814890625 0.7092164875 0.20633895156249998 0.6781778625 0.212365278125 0.6394709125 0.2189394515625 0.6303419015625 0.2175339859375 0.5967471765625 0.23479119375000002 0.55511185625 0.2530722921875 0.554308621875 0.26166640937499996
1 0.5514291140625 0.23311087656249999 0.5915967234374999 0.195309375 0.6617074578125 0.13667899687500001 0.6693758078125 0.13530938125 0.7197679203125 0.13010482343750002 0.731818203125 0.1273655828125 0.786592196875 0.10517774531249999 0.8391752374999999 0.08463344687499999 0.8413662171875 0.0805245859375 0.7390890234375 0.122153609375 0.7222916359375 0.12653639375 0.674820821875 0.131740946875 0.6627705374999999 0.1284538609375 0.6310016203125 0.153107015625 0.6120133046875 0.17091206875 0.5842611234375 0.193099915625 0.5521270359375 0.22213585 0.5514291140625 0.23311087656249999
1 0.6346856187500001 0.22297570156250002 0.66316809375 0.200240009375 0.7077176359374999 0.188461278125 0.7351046453125 0.18106533593750002 0.7749070859375 0.166273440625 0.8318720578125 0.14216813125 0.853781646875 0.1260066171875 0.8103276171875 0.1440855984375 0.7749070859375 0.162164584375 0.7190376015625 0.1813392578125 0.6642635828125 0.196131153125 0.6346856187500001 0.2158536734375 0.6346856187500001 0.22297570156250002