0 0.7734201921875 0.525534975 0.7316502046875 0.4954271515625 0.6770279734375 0.474953853125 0.5629638421875 0.42678139687499994 0.51155469375 0.4014908359375 0.40391672968750003 0.34609248593749997 0.32358992343750004 0.3027372578125 0.26337745625000003 0.27260546093750004 0.237463990625 0.243692959375 0.2103452421875 0.22742968437500002 0.1826238703125 0.254986896875 0.2025109296875 0.2879652171875 0.2175585 0.28461051249999997 0.3059180125 0.33398728437499997 0.3187703 0.36289079218750003 0.3300160890625 0.37975114374999996 0.38624481875 0.3749339140625 0.4922762859375 0.433945178125 0.66256914375 0.5062359421875 0.7734201921875 0.566451521875 0.87302540625 0.637505909375 0.9003365656250001 0.6737351640625 0.9726307078125 0.7146817609375 0.9999417796875001 0.7255205671875 0.9871791125 0.6514962265625 0.8601731625 0.5700945187500001 0.7734201921875 0.525534975
0 0.73004370625 0.7423809515625 0.656142978125 0.7688757953125 0.5533246828125 0.7893490937500001 0.489063203125 0.795370671875 0.4537193796875 0.792962040625 0.4312278890625 0.8025965312500001 0.3974905640625 0.8122310234375 0.3284095046875 0.8218655140625 0.2818199796875 0.8218655140625 0.2561153625 0.8242741453125 0.24808269843750003 0.848360390625 0.27218073125000003 0.86281214375 0.29306572656249996 0.8591991984374999 0.3027049296875 0.8519733374999999 0.3782121546875 0.837521584375 0.4569324625 0.8278870921875001 0.5372339953124999 0.8255492734375001 0.590249728125 0.8135061671875 0.615954303125 0.8098932203125001 0.6464784578125 0.8074846062500001 0.7605425875 0.77978543125 0.8199844875 0.7412474484375 0.8762132156250001 0.7292043265625 0.9115570375000001 0.7231827640625 0.972605434375 0.7243870796875 1 0.7352258875000001 0.8758741390625 0.6699265953125 0.786272434375 0.70986453125 0.73004370625 0.7423809515625
0 1 0.1636727484375 0.9235267015625 0.051671765625 0.8287410671875 0 0.7917906593749999 0.00711220625 0.83195415 0.0540803640625 0.8865763812499999 0.0974355921875 0.9315593640625 0.1540382578125 0.9251331984375 0.20221074843750003 0.9154940390625 0.3358893453125 0.9460181921874999 0.43464295625 0.98778818125 0.491245621875 1 0.316497165625 0.9829685125 0.27085653593750003 1 0.1636727484375
0 0.7259226828124999 0 0.750020759375 0.0673278015625 0.748414175 0.1167046078125 0.7644795890625 0.1660813796875 0.7452011796875 0.284103975 0.7243161859375 0.35395404531249997 0.7532338421875 0.384061834375 0.8094625703125 0.40935242812499995 0.846412890625 0.41296534218750003 0.867297884375 0.406943796875 0.9347725359375 0.4021265359375 0.904784521875 0.338179953125 0.8689043828124999 0.3467281515625 0.825527984375 0.35034113125 0.7933972453125 0.339502325 0.783757996875 0.31541607968749996 0.80303649375 0.18775899375 0.7933972453125 0.14560808125 0.7773318312499999 0.051671765625 0.7725122515625 0 0.7259226828124999 0
1 0.6317194359375 0.3792758015625 0.584440621875 0.3826193875 0.5692757046875 0.39599358906250004 0.542514140625 0.4053555796875 0.42208702656249997 0.4033494203125 0.36142743125 0.39398746562500003 0.26954601718750004 0.3572083234375 0.2687187140625 0.3725887015625 0.3472193453125 0.40468684843749997 0.4078789171875 0.414717534375 0.437316671875 0.42809177187499997 0.46675442812499995 0.4274230390625 0.5568517546875 0.4207359390625 0.5880736203125 0.4260856125 0.623755640625 0.40602427499999993 0.7111768265625 0.39198134218749997 0.7539953875000001 0.38462551093749997 0.7167010671875 0.3605487609375 0.662049221875 0.377269678125 0.6317194359375 0.3792758015625
1 0.2700064875 0.1872232578125 0.26036426874999996 0.14701683125 0.2260138671875 0.0973234890625 0.16636619531250002 0.0349485421875 0.159737165625 0.061150490625 0.20192187968750003 0.1067780125 0.2302459078125 0.1560195953125 0.2368749390625 0.187629496875 0.2278353453125 0.20524804843750002 0.222411596875 0.22693241875 0.2531461875 0.25313436718750004 0.2597616453125 0.243692959375 0.26156955000000004 0.22200860156250002 0.2700064875 0.1872232578125
1 0.0958574515625 0 0.137439509375 0.0674419703125 0.18986909999999999 0.15192064375 0.2121667546875 0.2075002671875 0.21156409687500002 0.2237635421875 0.22445615624999998 0.20325567812499998 0.19951131718749998 0.1514888890625 0.1103207625 0 0.0958574515625 0
1 0.12297620000000001 0.21653542187500002 0.08500995312500001 0.1989168703125 0.024143410937500002 0.17949129531250002 0.003051053125 0.1727149234375 0.000640490625 0.185815896875 0.0898310453125 0.21292136250000002 0.1054996703125 0.221053 0.07597035937499999 0.2196977234375 0.016309115625000002 0.21698718125 0.00124313125 0.21608366406249999 0.005461615625 0.2291846375 0.0554806265625 0.2309916609375 0.11092341875 0.2341539734375 0.17781631874999998 0.2549348265625 0.2001139734375 0.2626147046875 0.2055377234375 0.251320753125 0.15853188437500002 0.23144342031249998 0.12297620000000001 0.21653542187500002
1 0.721505346875 0.23349066562499998 0.68715865625 0.2094597625 0.64365284375 0.1871453421875 0.6125118171875 0.177532978125 0.5845765046875 0.16689072031250002 0.57770718125 0.1768463828125 0.5781651265625001 0.183369059375 0.5973992859374999 0.183712359375 0.6354096359375 0.1946979125 0.6844109125 0.219758715625 0.718757628125 0.24550611875 0.7411974765625 0.2791493875 0.7595157218749999 0.2767462984375 0.74302930625 0.2578648703125 0.721505346875 0.23349066562499998
1 0.5219131171875 0.156320775 0.5098473546875 0.1581761359375 0.541403971875 0.167684865625 0.5757450140625 0.17858511875 0.579824996875 0.17264568281249998 0.5568729 0.1655975828125 0.5219131171875 0.156320775
1 0.5469727875 0.1458843625 0.5386195640625 0.13544795 0.540166453125 0.1428693953125 0.541713359375 0.1447247578125 0.52871945 0.14263747499999999 0.5083004484375 0.13730331093749998 0.5101567265625 0.1421736328125 0.5321226171875 0.1470439609375 0.546354028125 0.1516823671875 0.55903855 0.157248453125 0.582241959375 0.1693083125 0.5905951828125 0.1693083125 0.5596573078125 0.15191428906249999 0.5469727875 0.1458843625
1 0.507062946875 0.19226841875 0.52964758125 0.17000406875000001 0.54821030625 0.15376965 0.5450286531249999 0.153646878125 0.5222224875 0.17533823906249998 0.507062946875 0.19226841875
1 0.688493571875 0.126351790625 0.658793215625 0.138875484375 0.6195021171875 0.160907915625 0.606508225 0.16693784843749998 0.56133628125 0.195958525 0.5211170515625 0.2156717515625 0.506576253125 0.2261081640625 0.458622559375 0.2776125921875 0.507504384375 0.228909325 0.5511267796875 0.20177465312499998 0.594130415625 0.1804307046875 0.6148587890625 0.1660516484375 0.6501279453125 0.148889546875 0.6965347656249999 0.1254600078125 0.7420134046875 0.110385184375 0.7412800296875 0.10750692656250001 0.7246908734375 0.110813134375 0.688493571875 0.126351790625
1 0.5934987234375 0.1306522546875 0.5576107921875 0.16498523437499998 0.573389109375 0.15292538125 0.6173208765625 0.1148904546875 0.6470212328125 0.083813134375 0.6618714203125 0.052010903124999994 0.6603244953125 0.041574490625 0.6558202109375 0.0434120625 0.64299930625 0.0803255609375 0.5934987234375 0.1306522546875
0 0.680201821875 0.0106375 0.6257738765624999 0.016178373437499997 0.5861288015625 0.023230390625 0.420838490625 0.0343121296875 0.3133264859375 0.024237824999999998 0.260914396875 0.0202080953125 0.258898540625 0.0338084125 0.3153423421875 0.0368307078125 0.429573846875 0.046905020312500004 0.5753869671875 0.04086043125 0.6083125218750001 0.041867864062499996 0.6667721796875 0.041867864062499996 0.7440464546875 0.0544607484375 0.8266962718749999 0.07209078906250001 0.863653503125 0.081661384375 0.8098881671875 0.033304703125 0.7326138921875 0.021719246875 0.680201821875 0.0106375
1 0.250181690625 0.20960511718750002 0.27907553281249997 0.1360626546875 0.310657184375 0.05244589375000001 0.304609634375 0.05647561718750001 0.26496459687499996 0.1547001296875 0.23875856093749998 0.207086546875 0.250181690625 0.20960511718750002
0 0.8316245656250001 0.502620921875 0.7779268 0.498269203125 0.7590600953125 0.512412328125 0.6734339359375 0.5211157953125001 0.6415056234375001 0.52873135625 0.605223309375 0.52873135625 0.5355614265625 0.52873135625 0.4644482109375 0.5135002640625 0.42236079843749996 0.505884734375 0.3933349953125 0.511324390625 0.3686631125 0.511324390625 0.36721177968749996 0.5232916703125 0.37591954375 0.5385227609375 0.364309190625 0.5678969765625 0.35850409375000003 0.5853039109375 0.35850409375000003 0.603798784375 0.374468290625 0.6386126562500001 0.3715657015625 0.5863918484374999 0.3962375828125 0.548314165625 0.409299190625 0.533083075 0.42381213281249996 0.52655548125 0.4833149953125 0.5450503546875 0.5863566046875001 0.555929696875 0.6444081328125 0.554841759375 0.7053623296875 0.5417865421875 0.799696171875 0.5363468859375 0.90564036875 0.5450503546875 0.9970715453125001 0.560281415625 0.962298565625 0.49353996718750004 0.8998351921875001 0.5080606078125001 0.8316245656250001 0.502620921875
1 0.321749384375 0.4558485859375 0.2198005109375 0.4243494359375 0.024882867187499998 0.377358884375 0 0.3742606046875 0.0324601328125 0.3861373359375 0.10203335 0.40369424531250003 0.18056154375 0.4238330546875 0.2322248078125 0.435193396875 0.313508384375 0.46256151250000005 0.3631051296875 0.495093440625 0.373437759375 0.5157486171875 0.38918915625 0.5140962296875 0.36721305625 0.49096239218750004 0.321749384375 0.4558485859375
1 0 0.565321065625 0.045548184375 0.5591244921875 0.1013445234375 0.5477641625 0.13785321718750002 0.5436331140624999 0.192271865625 0.5405348265625001 0.221892178125 0.5441495093750001 0.2556454890625 0.5493132921874999 0.2907765296875 0.5637719078125001 0.2935319125 0.5761650281249999 0.3141972109375 0.5792633140625 0.3396844484375 0.5792633140625 0.356216709375 0.5771977890625 0.35552788281250003 0.5637719078125001 0.34887714375 0.5652300078125 0.3183302859375 0.565321065625 0.292154221875 0.5570589953125 0.2590897375 0.5446658765625 0.24531285937499997 0.538985696875 0.22051448593749998 0.5358874109375 0.170917740625 0.5338219140625 0.1068552515625 0.538985696875 0.018683275 0.552927946875 0 0.56067365 0 0.565321065625
1 0.246911459375 0.528905715625 0.2202595203125 0.52025801875 0.19281199843750002 0.5154868796875001 0.1729225 0.5154868796875001 0.1669556421875 0.5154868796875001 0.14706614375 0.5080319734375001 0.0838266125 0.49401674218749997 0.03290948125 0.4868600328125 0.003473025 0.485369046875 0.0042686078125 0.489245603125 0.0500144734375 0.49192937031249995 0.0929758015625 0.5026644390625 0.1343459640625 0.5101193453125 0.1617934859375 0.51846884375 0.1808874015625 0.5211526109375 0.20157250468750001 0.5214508078125 0.23100895000000002 0.52801113125 0.2616387796875 0.547692084375 0.2783459921875 0.56081273125 0.2862926765625 0.5578307578125 0.262425265625 0.540237178125 0.246911459375 0.528905715625
1 0.2367835578125 0.5796746171875 0.2121205859375 0.5814637921875 0.1651813453125 0.5969700078125 0.13296035 0.6097924484374999 0.10431946562500001 0.6157563781250001 0.0732918546875 0.619632925 0.02241425625 0.6351391328125 0.030767840624999997 0.63424455 0.070944640625 0.6244040656250001 0.085662884375 0.6208257140625 0.11072365937499999 0.6193347359375 0.148911490625 0.606810484375 0.18431481562500002 0.5945844375 0.220115921875 0.5838493703125 0.29212388125 0.5757980609375 0.2870252953125 0.5728348578125 0.25667305625000003 0.5760962578125 0.2367835578125 0.5796746171875
1 0 0.768318625 0.031084768750000002 0.7678128703125 0.0742634703125 0.7668013640625 0.1093461453125 0.769835871875 0.151175509375 0.7748933953125 0.186258184375 0.7920889812499999 0.23685818906249997 0.8143420765625 0.242255540625 0.8386181859375 0.2737320203125 0.81993933125 0.23820752656250002 0.7991695062499999 0.1963781625 0.77792791875 0.151175509375 0.76224959375 0.095178153125 0.7571920703125 0.041204784375 0.755674815625 0 0.76224959375 0 0.768318625
1 0.2179675328125 0.805744290625 0.17951149375 0.8082730453125 0.12418882499999999 0.813836321875 0.0911301390625 0.8193996 0.03175945625 0.8229398625 0.004098121875 0.835077909375 0.042554121875 0.8279973859374999 0.14442882031249998 0.8209168468750001 0.220918890625 0.8081019062499999 0.2179675328125 0.805744290625
1 0.2085221671875 0.8623885281250001 0.18760752187500002 0.8628942828125 0.095852803125 0.8861588984375001 0.0128687625 0.9104349953125 0.0175914265625 0.9190327953124999 0.0499754625 0.910940734375 0.1282368015625 0.8881818859375 0.1923301859375 0.87149206875 0.22673817343749997 0.8694690671874999 0.2564235328125 0.86795180625 0.26384487343749996 0.8613770359374999 0.2456288671875 0.8553080046874999 0.22673817343749997 0.861882775 0.2085221671875 0.8623885281250001
1 0.095178153125 0.923078796875 0.054698126562500005 0.9342053515625001 0.0175914265625 0.94179164375 0 0.9468491531250001 0.003423434375 0.9554469531249999 0.0897808015625 0.93673410625 0.1727648421875 0.9124580109375 0.240906203125 0.870480575 0.2124202265625 0.868654890625 0.150500821875 0.9038602109375 0.095178153125 0.923078796875
1 0.30972225 0.9119522421875 0.3495275890625 0.9979117562500001 0.3582982671875 1 0.3299622078125 0.933681225 0.316468903125 0.9038418374999999 0.3211915296875 0.8992900687500001 0.3468289140625 0.9134511312500001 0.3414315625 0.8982785609375 0.318492928125 0.8896807750000001 0.314444878125 0.889175021875 0.29150620781250003 0.862875909375 0.2665435484375 0.85882989375 0.268875640625 0.870476034375 0.2942048828125 0.8831243765625001 0.30972225 0.9119522421875
1 0.7711892921875 0.6186505906249999 0.7443943421875 0.6149985234375 0.6968941578125001 0.6223026578125 0.6560927203125 0.6318893421875 0.61285536875 0.6620189140625 0.5787526765625 0.6885169953125 0.5239447859374999 0.721842125 0.5830155421875001 0.6944516125 0.62990673125 0.654278846875 0.6609645468750001 0.6346489796875 0.7048108609375 0.6255188046875 0.7474392171875001 0.622323246875 0.7821508703125 0.6241492875 0.8016381140625001 0.6287143625 0.850965215625 0.6401270875 0.8716704484375001 0.647431221875 0.844266503125 0.6296068046875 0.802856103125 0.617281059375 0.7711892921875 0.6186505906249999
1 0.9615662281249999 0.7705298578125 0.9420789859375001 0.76642128125 0.9262455796875001 0.760030165625 0.90797629375 0.7545520578125 0.89396980625 0.7536390515625 0.8799633531250001 0.75272603125 0.8598671484375 0.75044348125 0.8428157859375001 0.7449653859375001 0.836726034375 0.7422263265625 0.7855719796875 0.711183740625 0.7709565640625 0.68927133125 0.753296240625 0.681054175 0.7423346625 0.67877163125 0.72711021875 0.671467490625 0.70157175625 0.6577211109375 0.6820845140625 0.6577211109375 0.7155782109375 0.67232938125 0.7594245234375 0.6915027499999999 0.7783028046875 0.7138716640625 0.8258029890625 0.75176189375 0.854424890625 0.7599790484375 0.8897455390625 0.765913640625 0.9214122843749999 0.7764133578125 0.9676945109374999 0.7919346468749999 0.9780471281249999 0.791478125 0.9981433328125 0.80468189375 1 0.785138140625 0.976790671875 0.7682473203125 0.9615662281249999 0.7705298578125
1 0.9355257515625001 0.8438137093750001 0.903249978125 0.8657261265624999 0.877672984375 0.8899210796875 0.8301728 0.949267203125 0.798506021875 1 0.842961296875 0.943769571875 0.8941153515625 0.883510428125 0.9720643234375 0.8287293984374999 0.9988593078125 0.8040779312499999 0.9939874796874999 0.8009018953125 0.9580578703124999 0.8273794000000001 0.9355257515625001 0.8438137093750001
1 1 0.9494489390625 0.989966078125 0.940873925 0.986923190625 0.923765884375 0.98578208125 0.8889795484375 0.970947834375 0.864447246875 0.9374757390624999 0.8333676437499999 0.90058031875 0.7842887671875001 0.8823228078125 0.7306592375000001 0.878138790625 0.7320849046875 0.8979177671875 0.791107634375 0.9195985625 0.8221872250000001 0.963340553125 0.8695477203124999 0.9770336921875 0.8992241609375 0.97437111875 0.9311591640625 0.9838802609374999 0.9491354609375 1 0.960540821875 1 0.9494489390625
1 0.9393663890624999 0.8755709046875 0.9032317203125 0.8390737625 0.8553041 0.8005432328125 0.8260160031250001 0.7751663140625 0.821071253125 0.7623352875 0.8119424875 0.753781271875 0.8241141828125 0.778587925 0.857966653125 0.8102377921875 0.8956227859375 0.84274305625 0.9313770968749999 0.8729672515625 0.9389844203125 0.883517215625 0.9606651953125 0.8995014781249999 0.9671314093750001 0.9143284484375 0.9728368703125 0.9325770125 0.9800638359375 0.9263040625000001 0.97604221875 0.9099199453125 0.9618079375 0.891823540625 0.9393663890624999 0.8755709046875