1 0.17719885156249998 0.5632195734375001 0.18522732656250002 0.5618972796875 0.2289378703125 0.5618972796875 0.28602926875 0.5632347078125 0.3582855375 0.571259253125 0.3877232921875 0.5759402312499999 0.43946230937499997 0.5665782578125 0.5117186265625 0.5578850156249999 0.52063918125 0.5465169203125 0.48941726562500004 0.54584820625 0.39396765624999996 0.563903421875 0.3805868484375 0.5618972796875 0.3440127 0.552535325 0.31457494375 0.54584820625 0.2592677046875 0.5431733515625 0.2235855859375 0.5358175203125 0.1914716890625 0.5391610890625 0.1647100765625 0.5324739703125 0.17719885156249998 0.5632195734375001
1 0.12966994999999998 0.41086247187499997 0.22278666249999998 0.35644888125 0.31878635625 0.3185242625 0.3913733828125 0.28548477499999997 0.4792978859375 0.25360609843750004 0.5445528875 0.222277071875 0.58707865 0.19424581875 0.6215391203125 0.17555832656249998 0.67652931875 0.1475270734375 0.7058574203125 0.131587734375 0.7212546546875 0.10300686249999999 0.7454503421875 0.0881667921875 0.8305017859375001 0.0716778203125 0.885491984375 0.0711281953125 0.9426817749999999 0.0727770890625 0.99327270625 0.0650822375 0.9969387093750001 0.051341434374999995 0.9485474125 0.057387384374999996 0.8577314609375 0.0541002140625 0.7528835171875 0.07058918593749999 0.7455515125 0.06399359375 0.7213558640625 0.081581825 0.677363671875 0.125002775 0.63483793125 0.1447895421875 0.58198505 0.168423725 0.5577893203125 0.1882104859375 0.47127146875000003 0.23667690000000002 0.3576251109375 0.276800053125 0.1999866015625 0.34330555937499996 0.1002264296875 0.40025007968750004 0.12966994999999998 0.41086247187499997
0 0 0.3273125546875 0.016717571875 0.3262132875 0.0563104953125 0.364137921875 0.0718586390625 0.3210841515625 0.051911268749999996 0.3047776265625 0 0.28828866875000003 0 0.3273125546875
1 0.152733540625 0.11001073125000001 0.1591727734375 0.05729284999999999 0.1675933140625 0.026473965625000002 0.1913689140625 0.0019377609375000001 0.1651166671875 0 0.1477803 0.023473846875000003 0.1418363796875 0.081769809375 0.1344065203125 0.112588684375 0.11508881875000002 0.162044990625 0.10914492656250001 0.181724515625 0.10716361875 0.20920159531250002 0.1259859796875 0.21880511406249997 0.1334158671875 0.16199439375 0.152733540625 0.11001073125000001
0 0 0.165015484375 0.012556504687500001 0.168357290625 0.060603045312500006 0.193606490625 0.08735060624999999 0.2132860265625 0.10666830624999998 0.22702455625 0.1055922296875 0.203936959375 0.0680329328125 0.178382709375 0.0209770453125 0.149791703125 0 0.1353105375 0 0.165015484375
1 0.17665053125000002 0.17415978593749998 0.17950039843750001 0.1656144203125 0.19456387343749998 0.15767945781249998 0.2092202375 0.151270446875 0.238940096875 0.1228876484375 0.27273115937500003 0.10457617500000001 0.3158860046875 0.10305021406249999 0.34031326093750003 0.105796934375 0.34804855468749996 0.11220595468750001 0.35334113437500003 0.1119007625 0.3508984234375 0.10213464531250001 0.3582266046875 0.09633601093750001 0.33705628125 0.0935892890625 0.3101863125 0.0917581359375 0.26296024375 0.0951152421875 0.2450469 0.10213464531250001 0.217769775 0.1228876484375 0.18682858125 0.14272508125 0.177464775 0.1460821875 0.1632155453125 0.1515756296875 0.150594784375 0.15951061093750002 0.17665053125000002 0.17415978593749998
1 0.30231086875 0 0.2856189046875 0.0208177859375 0.2754408765625 0.056525162500000004 0.2778836 0.11850480000000001 0.2782907234375 0.13437474375 0.270148296875 0.16611464843749998 0.2738123875 0.188118409375 0.268926940625 0.19971567968749998 0.2860260265625 0.201546825 0.2892960875 0.191443040625 0.2888889765625 0.15329414218749998 0.29377442343750004 0.10446353281250001 0.29255306718749996 0.053175671875 0.29418155625 0.031201896875000003 0.3112806328125 0.0104412765625 0.3410004921875 0.021122978125 0.37031321875 0.027226796874999997 0.4053256375 0.0379084984375 0.4203891125 0.043401940625 0.4256816921875 0.043401940625 0.431381384375 0.0412655953125 0.44970183906249994 0.0391292578125 0.47779323125 0.0415707875 0.5054406484375 0.0467590375 0.5388245765625 0.05347325000000001 0.5734298843750001 0.0635445578125 0.5848292671875 0.0696483859375 0.639392546875 0.095589646875 0.6532346875 0.09406369375 0.6402067687499999 0.0882650515625 0.6088584421875 0.0742262609375 0.5828026953125 0.061713414062500006 0.566924953125 0.05225248125 0.5567469484374999 0.05225248125 0.48712920000000004 0.035161776562500004 0.44560284531249994 0.0327202390625 0.423211165625 0.0342462 0.3926770828125 0.027226796874999997 0.34422965781250003 0.0141035734375 0.3181886109375 0 0.30231086875 0
0 0.3332520859375 0.19210706093750002 0.35482951875 0.1716592515625 0.392284671875 0.1530425859375 0.407348146875 0.14968548125 0.3959487625 0.1292376625 0.388213446875 0.133794359375 0.3519796734375 0.1505798796875 0.3183307109375 0.1730885953125 0.3332520859375 0.19210706093750002
0 0.284847284375 0.23303055 0.3027877078125 0.2429925703125 0.3346818171875 0.2489697703125 0.3798650984375 0.24548306874999998 0.4483044984375 0.2400039546875 0.5147504953125 0.21509891875 0.5120926828125001 0.2086236 0.48883656249999996 0.21360462500000002 0.44564665000000003 0.2185856203125 0.392489825 0.22406473437500002 0.33999747812500003 0.22655523125000002 0.3168220671875 0.2219273109375 0.284847284375 0.23303055
1 0.0022809875 0.132969740625 0.0190739796875 0.1148816265625 0.068591821875 0.050970376562499996 0.0905518828125 0.000938846875 0.0793565625 0.0003034109375 0.0642859109375 0.0348413078125 0.03845051875 0.0664741484375 0.0007452609374999999 0.1162108171875 0.0022809875 0.132969740625
1 0.0638553328125 0.172392853125 0.06816121875 0.1578675703125 0.075911834375 0.1094005296875 0.09356600937500001 0.1022992765625 0.11035902500000001 0.0809955359375 0.13619441875 0.07002087968750001 0.13920854375 0.05646394375 0.1241378921875 0.063565196875 0.101747228125 0.0748626375 0.0746200734375 0.09810309843750001 0.06557769687500001 0.0929385375 0.0466317375 0.0709892265625 0.0319916875 0.0467804203125 0.036297575 0.014179232812500001 0.0216575265625 0.00966025625 0.018643399999999997 0.0506598046875 0.0324222671875 0.0671217890625 0.057827057812500006 0.0997229796875 0.054382353125000005 0.1261912734375 0.0496458625 0.156855753125 0.0638553328125 0.172392853125