0 0 0.686312425 0.07359550468750001 0.66826071875 0.1495052625 0.5877222453125001 0.26244418281250004 0.557173228125 0.34205694062499997 0.541898665625 0.41611526718749997 0.5460644359375 0.5457173390625 0.54051009375 0.6031125140625 0.5502302593749999 0.716051434375 0.59188806875 0.7790010406250001 0.5946652125 0.8882371015625001 0.60299680625 0.982661440625 0.6266029093750001 1 0.568281965625 0.964146859375 0.5780021328125 0.7456747375 0.5460644359375 0.6327358171874999 0.5155153921875 0.571637640625 0.507183825 0.399452115625 0.50162945625 0.2568897515625 0.518292590625 0.1643168421875 0.5502302593749999 0.114327528125 0.557173228125 0.0606352125 0.6238257109374999 0.014348757812499998 0.6502089578125 0 0.686312425
0 0.058367475 0.8884271046875 0.2218272421875 0.8005289031249999 0.337996771875 0.73576181875 0.363697996875 0.7280514515625 0.386315121875 0.7211121234375 0.40173585625 0.7211121234375 0.43463339375 0.7265093859375 0.48295174375 0.731906634375 0.54155050625 0.7234252421875 0.5898687765624999 0.7303645703125 0.673140809375 0.7565798312500001 0.73482375 0.7966737187499999 0.775945709375 0.8074682453124999 0.8664139750000001 0.8144075875000001 0.93118109375 0.8429359234374999 0.9651066640625 0.8521883703125 0.9928640328125 0.8298283234375001 0.9455737953125001 0.8313703734375 0.8612737296875 0.8020709828125 0.7677212859375 0.7912764859375 0.6761992078125 0.7411590968749999 0.5898430765625 0.709546571875 0.5343284921875 0.703378284375 0.43974793749999996 0.7072334671875 0.42741138125000006 0.7026072437499999 0.4119906453125 0.6948968765625 0.3893735203125 0.69720998125 0.34927967187500003 0.7056913875 0.3122698453125 0.7110886515625 0.2598393625 0.7465563296875 0.178623475 0.7935895890625 0.1220807796875 0.8236600046874999 0.043949071875 0.8598987390625 0.058367475 0.8884271046875
1 0.0873002765625 0.658606740625 0.1317491234375 0.6549605625 0.193560771875 0.6481890453125 0.245649278125 0.6461055171875 0.32617805781250003 0.6325625109375 0.39076776875 0.6336042749999999 0.465080671875 0.647147290625 0.5338374765625 0.6612111656249999 0.592176584375 0.672670634375 0.6491266359375001 0.6836092265625 0.7012151156249999 0.7034028453125 0.7497789421875 0.729746590625 0.7754759046874999 0.7375598625 0.7817265328125 0.729746590625 0.81228511875 0.7307883640624999 0.872707734375 0.7307883640624999 0.9109059531250001 0.7365180890625 0.9185456390625 0.733913665625 0.9553548 0.7208915453125 0.997025584375 0.7120365 1 0.7010979265625 0.9208896109375001 0.725579515625 0.9007487203125001 0.72505861875 0.7799034359375 0.7214124421875 0.7507339078124999 0.7167244703125 0.6906411546875 0.6870470546874999 0.6232734078125 0.669336984375 0.47938763125 0.6375629984375 0.364098471875 0.6214155781249999 0.3397905140625 0.617248503125 0.32798381249999997 0.6234991046875 0.235613553125 0.6339168015625 0.214083659375 0.6339168015625 0.10782313750000001 0.640818528125 0.0873002765625 0.658606740625
1 0.47326400937499996 0.5070024640625 0.58864570625 0.4834048203125 0.5991335328125 0.48433022187499997 0.610238328125 0.4773897359375 0.6157907265625 0.46026986875000003 0.641701853125 0.44453810312500003 0.6657622125 0.43806030937499996 0.69043949375 0.435284121875 0.730540078125 0.43343331875 0.7657051859374999 0.4394484125 0.8144428265625001 0.4482396921875 0.868732865625 0.4616579625 0.8934101468750001 0.463508765625 0.8367140640624999 0.446388896875 0.7472589171874999 0.425104740625 0.6738440406249999 0.4283436375 0.6238725078125 0.44129920624999996 0.6090661765625 0.447776990625 0.5998121953125 0.46721035468750005 0.5492237390625 0.47461353125 0.44588762187500003 0.495782015625 0.47326400937499996 0.5070024640625
1 0.621312278125 0.506539771875 0.6453725890625 0.5120921640625 0.6830054828125001 0.49959928593749997 0.7317430765624999 0.4931214921875 0.7661803671875 0.4713541890625 0.8250121859374999 0.43835890624999996 0.9051010187499999 0.39225310625 0.9902376125 0.35061019375 0.90263328125 0.385775321875 0.8148597875 0.43289223281250006 0.7495200234375 0.47018275468750004 0.7354601296875 0.4838675125 0.721887596875 0.488494503125 0.6799362453125 0.48756911875000003 0.6224073031249999 0.5067711171875 0.621312278125 0.506539771875
0 0 0.20909486406250002 0.0136210921875 0.20909486406250002 0.0795296375 0.202504009375 0.1428018140625 0.19459497812499998 0.2051952890625 0.20645851249999997 0.2456191828125 0.20448126093750002 0.293952115625 0.1814132703125 0.334376009375 0.1708679125 0.3879816125 0.15702710312499998 0.45652652656250003 0.1352772890625 0.496071653125 0.1043002671875 0.5444045859375 0.056187034375 0.5637377328125 0.016641907812500002 0.5356167796875 0 0.533859178125 0.03114179375 0.45652652656250003 0.0990275890625 0.34140628125 0.1365954640625 0.232437475 0.1781178421875 0.1656501625 0.16295888281249998 0.1322564734375 0.1543907765625 0.09622648125 0.16032253125 0.0426208453125 0.1735042390625 0.0035151015624999998 0.16493613437500002 0 0.20909486406250002
1 0.1445594140625 0.1537316765625 0.2473767171875 0.0950730859375 0.34492135 0.048937092187499996 0.41961770156249995 0.0205964234375 0.3334972421875 0.0383917359375 0.3097701265625 0.052232520312499996 0.187619678125 0.1135274734375 0.1287413375 0.151754425 0.1445594140625 0.1537316765625
1 0.31951866406249996 0.044546625 0.3222612984375 0.041718271875000004 0.32980360000000003 0.010092096875000001 0.32808944375000004 0 0.32294697656250004 0.006235240625 0.313004865625 0.0422325203125 0.31951866406249996 0.044546625
1 0.34797363593749997 0.0386327890625 0.39528435 0 0.376085809375 0.0095778484375 0.34763081093750003 0.031240492187500003 0.34797363593749997 0.0386327890625
1 0.3393495796875 0.05315908125 0.32446039843749996 0.0580446 0.3281826875 0.068048278125 0.33066422968750003 0.12109104062500001 0.3297336453125 0.13388644375 0.3393495796875 0.134991496875 0.34121072343750003 0.10410805468749999 0.3393495796875 0.05315908125
1 0.4633176453125 0.13144368281250002 0.47076224843750003 0.1358639109375 0.48099856875 0.146798165625 0.5064342796875 0.15401012187500002 0.5813610484375 0.1737848296875 0.6126904046874999 0.18611495312499998 0.6328528578125 0.199608284375 0.6468114671875 0.1975144875 0.6697656484375 0.19797977656250001 0.6967523296875 0.1937921921875 0.7817448031249999 0.17657655625 0.794912459375 0.1705278234375 0.7874678328125 0.1705278234375 0.7334945171875 0.1805315 0.7073918906250001 0.18820874062499998 0.675752359375 0.18913931875 0.6385293703125 0.19239632499999998 0.629843996875 0.18913931875 0.6186771046875 0.1812294296875 0.568736265625 0.161687365625 0.53616615 0.1523816140625 0.5082488953125 0.1423779375 0.49149854531250003 0.1386556375 0.48436414218749996 0.1342354078125 0.4781603109375 0.127430578125 0.4633176453125 0.13144368281250002