0 0.584325925 0.7039569640625001 0.5832556984374999 0.6678530203124999 0.58753650625 0.5795989406250001 0.58218556875 0.541088065625 0.58218556875 0.5218326296875 0.5511498796875001 0.508995665625 0.539377778125 0.5226349453125 0.539377778125 0.5779943265624999 0.5334916796875 0.6571659750000001 0.584325925 0.7039569640625001
0 0.5960980250000001 0.518183409375 0.623923134375 0.4423332875 0.6421163984375 0.4343101640625 0.6421163984375 0.42628707656250003 0.6367654609375 0.4158570609375 0.6367654609375 0.397403921875 0.6346250078125 0.373334625 0.6282038437499999 0.336428384375 0.7716099 0.1920125875 0.8272599203125001 0.1583155734375 0.9096649203125 0.0869099921875 0.9995612125 0.046794495312500003 0.9942101781250001 0.011492862500000001 0.7780310640625 0.14226938281249998 0.6859943187499999 0.23982498593749998 0.5886067328125 0.331685184375 0.5725538234374999 0.341312903125 0.6003788343750001 0.36939374687500004 0.605729771875 0.403893078125 0.59288744375 0.4223461984375 0.5886067328125 0.45363628437500003 0.559176334375 0.5030580453125 0.5960980250000001 0.518183409375
0 0.3692169390625 0.4499870453125 0.3017947203125 0.43233624062500003 0.229021515625 0.41147617187499996 0.15945889062500002 0.39382536562500003 0.115580946875 0.4010461546875 0.08454533125 0.4010461546875 0.043877943749999995 0.39863922500000004 0.026754857812499998 0.39382536562500003 0 0.388209190625 0.0139446359375 0.40746462812499995 0.049261035937499996 0.4106738734375 0.1434380875 0.41227848749999996 0.19801797968749998 0.41629002968749995 0.291124853125 0.44838245 0.39707405625000003 0.49010255156250004 0.46235592031249995 0.5101602859375001 0.5180060375 0.533427284375 0.535899615625 0.522345615625 0.4976402140625 0.4981256375 0.3692169390625 0.4499870453125
0 0.3103883453125 0.33766366875 0.22905362031249998 0.33044287968749997 0.171263146875 0.3344544234375 0.0342783046875 0.3248267046875 0.0021724859375 0.32322209062499996 0.0096638765625 0.3488960015625 0.042839871875000005 0.35130293125 0.19908820625 0.3585237203125 0.2365449625 0.3505006328125 0.267580603125 0.3601283515625 0.30396718125 0.366546825 0.4067058015625 0.388209190625 0.45593475625 0.40505769843749995 0.47840882812499996 0.41468541718749996 0.47493066562499997 0.37124760625 0.431320328125 0.3601283515625 0.3103883453125 0.33766366875
1 0.554092978125 0.364841615625 0.5134255421875 0.34317925 0.3850022671875 0.25332055625 0.3528964484375 0.22443738125 0.3496858671875 0.20919348906250002 0.334703184375 0.21400734687499998 0.318650275 0.20036808593750002 0.295105975 0.2011704015625 0.19557793750000002 0.11773016249999999 0.1645423453125 0.09767241875 0.01792575625 0.001395234375 0 0 0.0050834296875 0.02546453125 0.0682248890625 0.06317309843749999 0.174174090625 0.1297648109375 0.2854742296875 0.21400734687499998 0.3165098703125 0.22443738125 0.334703184375 0.23246048749999998 0.38821285 0.28140137656249997 0.4813197234375 0.34077232031250004 0.5123554140625 0.359225459375 0.5476718140625 0.38329475468749996 0.5776371796875 0.431433346875 0.5872689249999999 0.41516836718750005 0.5690756609375 0.395329403125 0.554092978125 0.364841615625
1 0.5441502515625001 0.33645104375 0.55040685 0.32654891406250003 0.592812703125 0.29267316718749997 0.6359136921874999 0.2525434515625 0.6831858109375 0.2207523703125 0.7262868 0.19729993750000002 0.7325433984374999 0.178537990625 0.62965709375 0.2363873265625 0.6046307015625 0.258797434375 0.5789091734375 0.2817286984375 0.527987371875 0.332642475 0.5441502515625001 0.33645104375
1 0.42249418437499997 0.17541099843750002 0.396077425 0.12277331875 0.306399515625 0.0018125234375000001 0.2883249203125 0 0.3008381171875 0.017968648437500002 0.3432439390625 0.083635475 0.3745269296875 0.1300191625 0.43153148124999996 0.23556143437500002 0.47532767031249995 0.32551112656250003 0.4987899140625 0.33029625 0.4697662703125 0.26609374375 0.42249418437499997 0.17541099843750002
1 0.295971853125 0.2624501453125 0.2493949640625 0.2614078078125 0.199342178125 0.255153825 0.156936340625 0.2462940203125 0.1353858296875 0.2462940203125 0.0699557265625 0.242645859375 0.0018804499999999999 0.24994218125 0.047762170312500005 0.2504633375 0.0853017609375 0.2462940203125 0.1277076140625 0.2494210109375 0.1673327375 0.2535903296875 0.22155658906250003 0.264013640625 0.24380225000000003 0.266619475 0.2709141765625 0.268704128125 0.3432126875 0.2713099609375 0.361287284375 0.268704128125 0.35575713593749997 0.2624501453125 0.3307307421875 0.2624501453125 0.295971853125 0.2624501453125
0 0.38563825625 0.6373906859375 0.364743153125 0.6272546328125 0.332171278125 0.6489089265625 0.32172372656250003 0.6618093468749999 0.31434897031250003 0.67563123125 0.2836208140625 0.7157146984375 0.2504344125 0.7318402390625 0.2436742109375 0.7350653375 0.18836354375 0.7175576312499999 0.18836354375 0.7318402390625 0.21724801249999998 0.7405940921874999 0.231997525 0.7442799359375 0.24613248125 0.7600243 0.24859072499999998 0.747584603125 0.298984878125 0.7277732421875001 0.3364732375 0.6697213234375 0.3616703 0.6563601609374999 0.394242175 0.6738678890625 0.42312661562500004 0.6890719640625 0.47659359375 0.7010509375 0.4907285234375 0.6683391359375 0.4529329015625 0.6653412296875 0.40960621250000007 0.6530554921875 0.38563825625 0.6373906859375
0 0.4833537671875 0.6208839921875 0.4999469671875 0.5973867875 0.497488753125 0.5909365734375001 0.4790518640625 0.6052191859375 0.4661460421875 0.624109103125 0.456313015625 0.6365488 0.4526256375 0.6485277625 0.4544693265625 0.66281038125 0.4907285234375 0.6614281921875 0.48028097187499996 0.6393131765625 0.4833537671875 0.6208839921875
1 0.2559654796875 0.6508314078125 0.192665503125 0.6508314078125 0.154562590625 0.65543870625 0.117074259375 0.6572816265625 0.032879123437500005 0.663271103125 0.00393934375 0.6646532921875 0.003324790625 0.66741766875 0.0678539015625 0.665114025 0.143445146875 0.6623496484375 0.20182863750000002 0.65774235 0.24546258906250001 0.65774235 0.305075215625 0.6582030828125001 0.3198247265625 0.660967459375 0.324796521875 0.6550327046875 0.275016921875 0.6499099515625 0.2559654796875 0.6508314078125
1 0.0070121687500000005 0.709804790625 0.0856762375 0.695061440625 0.0727704140625 0.695061440625 0.047573323437499995 0.6982865609375 0.03712574375 0.7028938484375 0.0070121687500000005 0.709804790625
1 0.0856762375 0.695061440625 0.130539325 0.6982865609375 0.172329615625 0.7111869796875 0.1840063015625 0.7162550109375 0.1855427 0.713454596875 0.163725725 0.704736759375 0.1323830125 0.69736509375 0.10841505781250001 0.695061440625 0.0856762375 0.695061440625
1 0.12154593124999999 0.7243851640625001 0.099203828125 0.7214722046875 0.1069749890625 0.7247492953125 0.1574875921875 0.7280263875 0.19002935468749999 0.737857659375 0.190393628125 0.734284365625 0.14971643125 0.7222004359375 0.12154593124999999 0.7243851640625001
1 0.58456636875 0.741616396875 0.6005065968750001 0.74833836875 0.614454296875 0.747342525 0.641685515625 0.7453508265625 0.6576257437499999 0.7433591265625 0.679211475 0.744603940625 0.6891741171875 0.744603940625 0.6981404953125 0.7470935562500001 0.7140807234375 0.747840440625 0.7280284390625 0.7453508265625 0.7535992125 0.744603940625 0.7751849281250001 0.7448528984375 0.79245351875 0.7418653546875 0.804408690625 0.7383798953125 0.817028028125 0.7371350828125001 0.8386137734375 0.731408953125 0.8601994890625001 0.7356413109375 0.872486759375 0.734396496875 0.887762790625 0.731408953125 0.9027067546875 0.728670375 0.8894232515624999 0.729168296875 0.86702225 0.7321558390625 0.8457686015625001 0.7284214109375 0.8174348453125001 0.728172453125 0.79684539375 0.7356413109375 0.7882110828125 0.734894425 0.7785805390625 0.7373840406250001 0.7696141609375 0.7371350828125001 0.7430471234375 0.73589026875 0.7008719250000001 0.73912678125 0.6859279609375 0.734894425 0.6457452921875 0.7311599953125001 0.6128685703125 0.7336496109375 0.5911998234375 0.7239727953124999 0.58456636875 0.741616396875
1 0.5878281484375 0.6122008484375 0.5963210140624999 0.6158391296875 0.610880225 0.6251167468750001 0.646307640625 0.649510346875 0.65965358125 0.65933370625 0.6732421921875 0.6722496062500001 0.6868307828125 0.6820729640625001 0.703573875 0.688985696875 0.716191865625 0.6957165171875 0.728081871875 0.694079290625 0.753317853125 0.69608034375 0.77127420625 0.6977175703125 0.765450521875 0.6953526875 0.7283245328125 0.6908048390625 0.721530228125 0.6928862046875001 0.7123094015625 0.6876107015625 0.6865881218750001 0.6774235125 0.6756687125 0.66887355 0.662808084375 0.6565034 0.6526166359375 0.6474076953125001 0.638057425 0.6359471109375 0.627865978125 0.6263056640625 0.6062698109375 0.6144812515625 0.584855634375 0.605026209375 0.5878281484375 0.6122008484375
1 0.644366409375 0.639851784375 0.6480062125 0.6394879578125 0.6480062125 0.6336667046875 0.6504327546875001 0.6347581890625 0.65480051875 0.6385783843749999 0.6613521625 0.6440358046875 0.6618374625000001 0.6474921734375 0.6688744296875 0.655860221875 0.6899852859375 0.6713229125 0.7225008484375001 0.6815101015625 0.6926544671875 0.6709590890625 0.6827056796875001 0.662227215625 0.665477265625 0.6464006890625 0.6683891078124999 0.6440358046875 0.676639334375 0.6429443218750001 0.68707344375 0.6442177203125 0.6926544671875 0.6474921734375 0.7021179531249999 0.6491294 0.7091548984375 0.650220884375 0.7268686125 0.6538591640625 0.7356041390625 0.6560421328125 0.7474941687500001 0.6560421328125 0.7639946 0.65858893125 0.7821936140625 0.66295486875 0.7950542421875 0.6645920953125 0.7897158796875 0.6635006109375 0.7688476625 0.6573155328125 0.7387586421875 0.6540410796875 0.72468473125 0.6516761953125 0.7188610468750001 0.648947484375 0.7006620328125 0.6464006890625 0.6795511765625 0.639851784375 0.67130095 0.63966986875 0.6664478875000001 0.6418528375 0.6601388921875 0.6385783843749999 0.65480051875 0.6340305359375 0.6467929515625 0.628027371875 0.641939878125 0.6272997140625 0.64072660625 0.6358653484375 0.644366409375 0.639851784375
1 0.394052059375 0.11712162968749999 0.4163176609375 0.0997351328125 0.469198578125 0.0614848234375 0.5443450453125 0.0176708375 0.5777434984375 0 0.552694659375 0.0002843390625 0.5183684937499999 0.012107159374999999 0.44507745156249995 0.0607893625 0.38141755 0.10075491249999999 0.394052059375 0.11712162968749999
1 0.2205656078125 0.07539403125000001 0.165829265625 0.0698303515625 0.118514775 0.066353040625 0.052645632812499996 0.0614848234375 0.011825278125 0.0545302203125 0.05913977031249999 0.0705258140625 0.1250089640625 0.0760894921875 0.19273358125 0.080262246875 0.2790129 0.09903967031250001 0.34673756875 0.1129488765625 0.35804451406250004 0.10826767500000001 0.3031340265625 0.094866915625 0.2205656078125 0.07539403125000001
1 0.1806730171875 0 0.1853116796875 0.0162799125 0.1843839671875 0.052443853124999995 0.1741788796875 0.10460334843750001 0.193598509375 0.106389484375 0.20108319375 0.003066178125 0.1806730171875 0