0 0.4617573265625 0.654130978125 0.4781140578125 0.6111862 0.4921341234375 0.52354376875 0.4933024171875 0.4411598671875 0.496807453125 0.35965241875 0.48512405156250005 0.3281011359375 0.4617573265625 0.3473824703125 0.4524106671875 0.3868215625 0.4559157046875 0.482351803125 0.4559157046875 0.526173034375 0.44189563749999994 0.5936577078124999 0.4138555828125 0.640984625 0.4617573265625 0.654130978125
0 0.38581552812500003 0.6392317515625 0.3682905046875 0.5559714578125 0.3542704390625 0.49286889375 0.3367454140625 0.46745260625 0.3285670484375 0.43677775937499996 0.33557712031250003 0.3062148953125 0.3904888578125 0.1843919234375 0.3998355953125 0.08377564531250001 0.37413220625 0.053977221875 0.34609207343750004 0.095169171875 0.35076548125 0.158271721875 0.3283848796875 0.2398684625 0.308705359375 0.27483615625 0.29819032968750003 0.33618585 0.29001196406249996 0.444830928125 0.3052003234375 0.49391070312499996 0.319220390625 0.5053042140625 0.34141874375 0.597328753125 0.3601121390625 0.69022974375 0.40801388281250006 0.7296688359375 0.42292025468750005 0.6921259625 0.40334055312499995 0.6725358625 0.38581552812500003 0.6392317515625
0 0.40989283906249996 0.53513708125 0.40389489375 0.5094909140625 0.40989283906249996 0.44026431875 0.40869321875000003 0.4290160015625 0.39489801562500004 0.40471962968749997 0.375104865625 0.42181706874999997 0.3793034203125 0.4380146609375 0.379903190625 0.493806325 0.3793034203125 0.5262014781250001 0.37210589375 0.5298009453125 0.36970673125000003 0.537899740625 0.382302353125 0.5500479046875 0.3996963390625 0.5644462609375 0.40869321875000003 0.6562325453125 0.4381208265625 0.591332375 0.4272867859375 0.5423360140625 0.40989283906249996 0.53513708125
0 0.395346365625 0.2198645359375 0.38818244062499996 0.1696019640625 0.3734332265625 0.21449055156250002 0.3784901140625 0.256850203125 0.4050386921875 0.31467883125 0.44886494375 0.3750424984375 0.4593849171875 0.343850334375 0.42484479375 0.29729253125 0.395346365625 0.2198645359375
0 0.49901228125 0.3517421875 0.51671134375 0.2910325375 0.5272464796875 0.27680728125 0.53567460625 0.265743184375 0.5162899234375 0.24203443125000002 0.4960624328125 0.253653640625 0.47794197968749996 0.330153909375 0.49901228125 0.3517421875
1 0.5318922515625 0.2455077078125 0.5348421 0.2622619015625 0.5929968265625 0.2445681515625 0.640194315625 0.2417230984375 0.6608432265624999 0.2420392140625 0.6768662156249999 0.23097512656250002 0.7160569984375 0.1952539296875 0.7417627812500001 0.1816609046875 0.82983664375 0.1434521421875 0.8804054015625 0.120691725 0.90400413125 0.10931152343749999 0.9440377234374999 0.096982971875 0.9735361515625 0.0808610109375 0.9979777203125 0.0660035234375 0.9996633390625 0.056520015624999996 0.9840570703125 0.06379070625 0.9490803359375001 0.08465441093750001 0.9094681640625 0.0976393390625 0.8989330265625 0.0985876890625 0.871534390625 0.1118645921875 0.8243369296875 0.130831603125 0.756925484375 0.1621271625 0.73037690625 0.1712945546875 0.7156276921875 0.179829703125 0.6646669875 0.22090145312499998 0.651603421875 0.2265915546875 0.6183123078125 0.2269076703125 0.5744860859375 0.23228166093749997 0.558051253125 0.233546125 0.5321556359375 0.2451231828125 0.5318922515625 0.2455077078125
1 0.6701134796875 0.24044984375 0.67137768125 0.24645606562500003 0.6890767421875 0.25277839375 0.7076186140625 0.2534106359375 0.7160467406250001 0.2584685 0.7253176765625 0.26415860625 0.73290299375 0.258152384375 0.7501806359375001 0.24297878125 0.76661546875 0.23223080937499999 0.7813647109375 0.22685681875000002 0.791478428125 0.2186377859375 0.77672924375 0.22306341875000002 0.76408706875 0.229701871875 0.7430167390625 0.241398190625 0.727003296875 0.254991215625 0.722367828125 0.2543589828125 0.716468159375 0.25183004531250003 0.7105684625 0.244559359375 0.7012975265625 0.243927128125 0.69581925 0.24171430625 0.672579946875 0.2356745765625 0.6701134796875 0.24044984375
1 0.4774686984375 0.34764528281249996 0.4858968390625 0.355232084375 0.4930607359375 0.341955175 0.5170808859375 0.30814815156250003 0.5558502484375001 0.269581890625 0.597148040625 0.21961716562500003 0.631281965625 0.18452819843749999 0.6616232015625 0.1494392328125 0.68185069375 0.126046584375 0.6704727187499999 0.1339495140625 0.6047333578125 0.1952585859375 0.5819774375 0.2243413296875 0.52761605 0.283419790625 0.4858968390625 0.3204054515625 0.4799971421875 0.3400046984375 0.4774686984375 0.34764528281249996
0 0.538992434375 0.185376171875 0.5175007140625 0.203394834375 0.4951661984375 0.23785156875000002 0.49474479374999997 0.251760709375 0.524664640625 0.2372193265625 0.5242760046875 0.23573715 0.5448921312499999 0.20213036562500003 0.538992434375 0.185376171875
1 0.5503704093749999 0.1999558765625 0.57354775 0.1683441953125 0.613159921875 0.1203358078125 0.637180071875 0.0918852953125 0.6704711578125 0.0548996234375 0.7008124234374999 0.029926396875 0.7319964703124999 0 0.7239897625 0.001475884375 0.6822705515624999 0.031823096875 0.6089458734375001 0.10799564531250001 0.5592199265625 0.169886453125 0.5409622828125 0.1870688359375 0.5503704093749999 0.1999558765625
1 0.5326937921875 0.1863568765625 0.5267940953125 0.175292778125 0.5234228562500001 0.154429078125 0.5339580203125001 0.1196738015625 0.5352222203125 0.10039068124999999 0.537329259375 0.08426871875 0.524687084375 0.08426871875 0.5090950609375 0.069727346875 0.5036167546875 0.0558182078125 0.49687427656249994 0.051392574999999996 0.48549630156249995 0.051392574999999996 0.47327551718749994 0.053921512500000005 0.4496767734375 0.052340921875 0.43577036874999997 0.050128106250000005 0.43279809062499996 0.056754954687500005 0.4694604296875 0.063077290625 0.478731365625 0.063077290625 0.48968792031249997 0.064341759375 0.4934805796875 0.0712963296875 0.5031729203124999 0.0886827546875 0.5170793234375 0.09879849375000001 0.5166579046875001 0.10480471093749999 0.50738696875 0.138629209375 0.506965578125 0.170240890625 0.5177868953125 0.1957735109375 0.5326937921875 0.1863568765625
1 0.53237021875 0.0801156328125 0.53237021875 0.076737909375 0.536180234375 0.0588023765625 0.5444929968750001 0.0304814609375 0.5521130296875 0.0133330125 0.5521130296875 0.0006015921875 0.545185725 0.0016408890625 0.533409321875 0.043455853125 0.5244038093750001 0.060344478125 0.5257780875 0.0811822390625 0.53237021875 0.0801156328125
1 0.6770667890625 0.12470504843750001 0.683358634375 0.0954230015625 0.682047828125 0.0735938640625 0.6878153546875 0.0456683 0.6948936859375 0.0035832953124999996 0.6930585609375 0 0.6754938328125 0.0761079265625 0.6778532765625 0.0912506609375 0.6757559828125 0.1054100984375 0.67156143125 0.1248793359375 0.6770667890625 0.12470504843750001
0 0.387507434375 0.0614158390625 0.4042110984375 0.0832075140625 0.4241828734375 0.061688234375 0.4474227578125 0.030090303125000002 0.46340017656250004 0.0009439375 0.437618425 0 0.4314453375 0.011839775 0.40784234374999995 0.040986140625 0.387461778125 0.060846374999999994 0.387507434375 0.0614158390625
0 0.297452896875 0 0.3087097171875 0.02736634375 0.3246871359375 0.0635950015625 0.3450220328125 0.0924689765625 0.368290490625 0.061445478124999994 0.3461113984375 0.0317246796875 0.33013397968749997 0 0.297452896875 0
1 0.2321384359375 0.038360704687500004 0.1943736328125 0.0320955984375 0.12175908124999998 0.02021771875 0.11122850468750001 0.0232140734375 0.1348315234375 0.028389590625 0.1544401640625 0.0313859453125 0.1947468453125 0.039830221875 0.2143554859375 0.04664011875 0.2448578359375 0.049091684375 0.2858907625 0.05018127343749999 0.3163931140625 0.0512708546875 0.3051849984375 0.037481367187499996 0.2702663625 0.0394502890625 0.2321384359375 0.038360704687500004
1 0.3460170921875 0.0885527484375 0.3430553453125 0.058400226562500004 0.3274002484375 0.0009663234374999999 0.309629621875 0.00699683125 0.315976296875 0.023183975000000002 0.326977153125 0.08158465468750001 0.3367086703125 0.1139589421875 0.3430553453125 0.134272225 0.3578641953125 0.1479202 0.370492921875 0.1438466390625 0.361249065625 0.127909725 0.3460170921875 0.0885527484375
1 0.2876279078125 0.07841070312500001 0.2584333296875 0.07238019531249999 0.23389293437499997 0.0673018796875 0.200044115625 0.063493140625 0.1873508234375 0.061588765625 0.1573100140625 0.0590496140625 0.09805608125000001 0.028262296875 0.087055225 0.0355623796875 0.12809690625 0.05460607656250001 0.1555990484375 0.0650801109375 0.167023028125 0.0676192734375 0.19875628750000002 0.0714280140625 0.25418369687500003 0.08158465468750001 0.2799934046875 0.0838064234375 0.32188130312499996 0.1085632328125 0.3366901828125 0.11776768124999999 0.33233160625 0.10300239687499999 0.30582165625 0.0866629703125 0.2876279078125 0.07841070312500001
1 0 0.0711092859375 0.041774764062500004 0.0976784078125 0.07432154375 0.15368898125 0.096338428125 0.178821928125 0.1719617546875 0.20180061562499998 0.2303545015625 0.22262506875 0.2562004046875 0.22836975 0.2964052203125 0.2764813953125 0.3021488109375 0.28653456875 0.30755586875 0.26779712187500004 0.2944907109375 0.24129525156249998 0.231311725 0.21113570625000003 0.15281666562500001 0.185284678125 0.0992102234375 0.1666144953125 0.09250941093750001 0.150816640625 0.08102235625000001 0.14148155 0.0704925265625 0.115630509375 0.0283732015625 0.0711092859375 0 0.050284839062499996 0 0.0711092859375
1 0.232398484375 0.2954251203125 0.21379490156249997 0.2830645890625 0.1893444765625 0.2619320703125 0.1882814171875 0.2483753703125 0.1787138515625 0.22445176562500002 0.171272440625 0.2188695953125 0.1664886578125 0.224850490625 0.1760562234375 0.2352173875 0.1760562234375 0.245983009375 0.17765079374999998 0.258343540625 0.1787138515625 0.26631806406249997 0.193596746875 0.2854569546875 0.21379490156249997 0.2966212953125 0.2510020671875 0.3153614609375 0.289272328125 0.3253296265625 0.296182228125 0.324532175 0.29471745625 0.3157576609375 0.2520651265625 0.305393284375 0.232398484375 0.2954251203125
0 0.41003775468750003 0.42863750468750006 0.414848475 0.389743225 0.41965919375 0.37971893125 0.4372984890625 0.36287810625 0.4314187234375 0.3520518578125 0.4095032140625 0.3680907390625 0.3993472703125 0.37330337187499996 0.3945608015625 0.4039609421875 0.41003775468750003 0.42863750468750006
0 0.33573890156249997 0.32598869375 0.3336008125 0.3488440921875 0.3587234203125 0.382525725 0.3726210765625 0.425433734375 0.385741896875 0.4066066140625 0.37315558125 0.37129851875000003 0.33573890156249997 0.32598869375
1 0.41324488906249995 0.326393665625 0.399881775 0.3107557609375 0.39400200937499996 0.33601699687500003 0.395071090625 0.3769161296875 0.40984690312499994 0.362970675 0.4068306203125 0.331205334375 0.41324488906249995 0.326393665625