0 0.4748415953125 0.682975325 0.45193260312500005 0.6423638953124999 0.4248582359375 0.55801700625 0.4748415953125 0.44086858281249997 0.5602297484375 0.3424638875 0.6081305015625 0.27373681875 0.6685270531249999 0.20657171875000002 0.78932 0.0856355109375 0.8601297453125 0.0403381265625 0.9996664718750001 0.0231563515625 1 0 0.726840840625 0.0012886515625000002 0.62687428125 0.1231230015625 0.49983319687499994 0.251205259375 0.429023609375 0.33867611875 0.37695764375 0.3980313078125 0.3478006703125 0.4183370234375 0.316561090625 0.5830867453125 0.3727922703125 0.758028403125 0.39778402968750004 0.8704909031250001 0.3582138640625 0.9111023328125001 0.3353048703125 0.9735814921875001 0.431106215625 1 0.5081637828125001 0.992247153125 0.49983319687499994 0.88134666875 0.4748415953125 0.682975325
0 0.6227089078125 0.995449221875 0.726840840625 0.72991279375 0.7726589859375 0.6689955890625 0.7559978140625 0.6158883390625001 0.7310062125 0.590896640625 0.6831054609375 0.6018305046875 0.6560310953124999 0.68617739375 0.60604789375 0.8345653984375 0.5394033625 0.990372778125 0.6227089078125 0.995449221875
0 0.20201596406250003 0.8501851874999999 0.179106971875 0.7502185078125 0.13120621875 0.7174169734375 0.0958013453125 0.7455325828125 0.08955344531250001 0.7752102078124999 0.13953680468750002 0.9329700624999999 0.1957679859375 1 0.27907353125 0.990372778125 0.22909017187499997 0.9032924375 0.20201596406250003 0.8501851874999999
1 1 0.446497009375 0.892623309375 0.5213765296874999 0.8135426171875 0.5806870484375 0.760163134375 0.6118250765625 0.7759792578125 0.6733597359375 0.8471519265625 0.6147906140625 0.9371061984375 0.5458421421875 1 0.4983937140625 1 0.446497009375
1 0.756209084375 0.6096009390625 0.85604851875 0.519152390625 0.9499568421875001 0.414617596875 0.983566075 0.3693933375 0.9964167187499999 0.3419622171875 0.9894971874999999 0.3174966265625 0.9637959015625001 0.348634646875 0.7769678265625 0.5495490484375 0.7206227875 0.5814284468750001 0.6988755906249999 0.582911215625 0.6786111703125 0.596997446875 0.756209084375 0.6096009390625
1 0.1920177984375 0.6852218421875 0.1673050828125 0.6184975078125 0.1673050828125 0.5673421875 0.1930062921875 0.509199340625 0.1702706390625 0.5025269109375 0.1366613296875 0.5492339390625001 0.1257877484375 0.571475384375 0.139626809375 0.6574756546875 0.154454440625 0.7264241265625 0.18806375 0.7591746484375 0.1999258984375 0.713394346875 0.1920177984375 0.6852218421875
1 0.0328679203125 0.6572161624999999 0.0042011546875 0.651285115625 0.0002471046875 0.6942852359375 0.0387989578125 0.7180094359375 0.07537374687500001 0.7617509546875 0.12257504999999999 0.72690601875 0.080316290625 0.6883541906249999 0.0328679203125 0.6572161624999999
0 0.24674416406250002 0.8839451296874999 0.275737346875 0.986629359375 0.2854017515625 0.958240184375 0.304730559375 0.8924014640625 0.349831071875 0.79823399375 0.46580386249999994 0.6665565625000001 0.5076828953125 0.6016238984375 0.5890249015625 0.5007517390625 0.6808366953125 0.4167922703125 0.721910375 0.38477895625 0.7009708578125 0.3769266265625 0.6581857375 0.40229567499999996 0.5341593437500001 0.5207600578125 0.47456221093749995 0.5926390171875 0.362616253125 0.7237728234375 0.31268355468750003 0.7769270203125 0.25892531406249997 0.8790072125 0.24674416406250002 0.8839451296874999
1 0.736596221875 0.3849866296875 0.773739915625 0.3728233671875 0.8093141812500001 0.36105247500000004 0.8223929484375001 0.34300378125000003 0.8082678546875 0.310830009375 0.8009437765625 0.29435075781250003 0.8145456875000001 0.28728822656249997 0.8537819921875001 0.2715937046875 0.849073628125 0.2621769921875 0.7784482796875001 0.28259948437500004 0.7758325265625 0.30574890312499997 0.7904807625 0.34341575625 0.7768788109375 0.35361719687500004 0.7339804671875 0.36342628125 0.7050763828125 0.3752952546875 0.736596221875 0.3849866296875
1 0.5650027859375 0.34157164687499997 0.595345525 0.331762571875 0.6900357984375 0.3027277140625 0.742350871875 0.29134917968749996 0.7590917187499999 0.2480421125 0.787865009375 0.1848716671875 0.835994859375 0.13265794375 0.880462671875 0.0785118453125 0.8945877250000001 0.036921360937499995 0.8584903578124999 0.0447686296875 0.8370411453125 0.07127275 0.7794945656250001 0.14385990937499998 0.7517676 0.17446423125 0.7282258171875 0.225294859375 0.7078229312500001 0.2641388078125 0.6879431874999999 0.2731631625 0.649753209375 0.2923889421875 0.58226675625 0.3127918234375 0.5650027859375 0.34157164687499997
0 0.4819769265625 0.5379047296875 0.5423395281250001 0.468541628125 0.658753134375 0.37196916875 0.7690072906250001 0.2576343875 0.8250582718749999 0.21836789531249998 0.8589352437500001 0.19018840312500002 0.8503120046875001 0.17263397656249999 0.821978546875 0.154155628125 0.8053480046875 0.1689383015625 0.82875393125 0.1823351109375 0.7905653640625 0.20723467968749998 0.7012533453125 0.302398171875 0.6661444546874999 0.332610278125 0.5848397390625 0.390817078125 0.5521946375 0.41714871875000004 0.504150959375 0.45502934687499996 0.47828124375 0.49106212187500003 0.4819769265625 0.5379047296875
1 0.2648158390625 0 0.2697695453125 0.047369634375000004 0.25821092968750003 0.101860190625 0.24500110937500003 0.10062178749999999 0.1723470359375 0.05418096875 0.0869578328125 0 0.064666265625 0.0009288171875000001 0.1563094671875 0.062230706250000004 0.23474284843749998 0.10990994999999999 0.25208074062499997 0.13220153437499998 0.297489540625 0.2337830921875 0.321432375 0.3025774140625 0.345375209375 0.40165115937499996 0.3415979859375 0.2715239875 0.31435274375 0.21022211093749998 0.27472322031249996 0.1185788890625 0.2862818359375 0.0572770234375 0.285456234375 0 0.2648158390625 0
1 0.2727211046875 0.24870606093749997 0.2248354984375 0.2140302484375 0.2083232078125 0.1849273421875 0.176124228125 0.124569759375 0.1348435015625 0.0806057828125 0.0638406640625 0.0496452375 0.0010939390625 0.032926537500000005 0.00274514375 0.0465491828125 0.052282015625 0.06450629687500001 0.12163368125 0.0979436953125 0.14722771875000001 0.11775844843750001 0.176124228125 0.1598647859375 0.193462121875 0.201351921875 0.1984157953125 0.22178587656249998 0.228963571875 0.24469668437499997 0.266941828125 0.2787378046875 0.2917102640625 0.3344667859375 0.3230835796875 0.4217755140625 0.3346421953125 0.45892816875 0.3437239421875 0.4072240671875 0.3016176140625 0.32053454062500003 0.2727211046875 0.24870606093749997
1 0.3597255515625 0.181062753125 0.42622718906249996 0.10504174687500001 0.47449450156250006 0.055165518749999996 0.49433771249999997 0.05114324218750001 0.5232981078125001 0.045109828125 0.5356330640625 0.0370652765625 0.48414793906250003 0.04028309375 0.4637684328125 0.045109828125 0.4492882140625 0.0636123 0.40048460781250006 0.1171487890625 0.3425638171875 0.1802985171875 0.3128685828125 0.196007834375 0.30931301875 0.19676974687499998 0.3195027921875 0.20481429843750001 0.3597255515625 0.181062753125
1 0.5142548953125 0.21613832500000002 0.5481352562499999 0.13083250625 0.5553953375 0.07302420625 0.594922334375 0.025228740625000003 0.6336427296875 0.0028435328124999997 0.5900823 0.002238525 0.5674954546875 0.0240187359375 0.5545886140625 0.0131286234375 0.568302115625 0.0040535375 0.536035140625 0.0010285078125 0.527161734375 0.0336988296875 0.519901653125 0.09964445937500001 0.502961503125 0.1795052296875 0.4795679328125 0.23032570156249998 0.49005466249999996 0.2502909125 0.5013481171875 0.2887238953125 0.5235316625 0.26862257343749996 0.5013481171875 0.23973356093749998 0.5142548953125 0.21613832500000002
1 0.515565753125 0.312576253125 0.5526727625000001 0.2720408609375 0.6591538203125 0.2003023078125 0.7002942015625 0.17610207656250002 0.8043552109375 0.1337516703125 0.9164829640625 0.0865612 0.9971504031249999 0.0490508484375 1 0.0175905421875 0.9794035296875 0.030900673437499998 0.7764240734375 0.11811225624999999 0.68204319375 0.16046266250000002 0.68042986875 0.15501761249999998 0.6441295218749999 0.1640927 0.602989078125 0.207653121875 0.5465218703125 0.246373490625 0.5142548953125 0.2772287765625 0.4821896 0.2996139953125 0.515565753125 0.312576253125