0 0.440626453125 0.915696646875 0.583305075 0.7569231125 0.59317114375 0.7409824640625 0.6068318703125 0.7307349046875 0.6060729171875 0.7136556625 0.5901354375000001 0.711378415625 0.5908943390625 0.6954377875 0.6303586640625001 0.5970111515625 0.6871112640625 0.5237760890625001 0.7334807859375 0.48299488593750006 0.6839133765625001 0.4853937734375 0.6007681015624999 0.5679986640625 0.5575964671875 0.65076053125 0.543205921875 0.7251262328125 0.543205921875 0.7551124031249999 0.4380999671875 0.849614596875 0.440626453125 0.915696646875
0 0.41102824687500006 0.78931015625 0.39205500937500004 0.703493990625 0.40343898281249996 0.6317611234375 0.4186175109375 0.5050138421875 0.43834969843750005 0.4833801078125 0.41102824687500006 0.4623156984375 0.365492534375 0.487365275 0.3579032453125 0.5625140015625 0.3434835921875 0.6683308828125 0.3313407453125 0.6871180640625 0.3419657390625 0.7201379546875 0.34955502968749996 0.8629280187499999 0.42317112031250004 0.8462410078125 0.4186175109375 0.80240425 0.41102824687500006 0.78931015625
0 0.289599665625 0.6415678828125 0.29187644375 0.605132153125 0.31160858125 0.5584488421875 0.2911175171875 0.41048139375000003 0.23875144375000001 0.29377315625 0.22966117343749998 0.2738895828125 0.2129647421875 0.287552984375 0.22738436874999998 0.3598551578125 0.257741528125 0.4308423 0.277473665625 0.5071296390625 0.2782326171875 0.5513647500000001 0.24787545937500002 0.627082784375 0.2820272234375 0.8330120781250001 0.3078308234375 0.9030804859374999 0.344840040625 0.8635575125000001 0.3154032390625 0.7911951421875 0.289599665625 0.6415678828125
1 0.71152565625 0.478802221875 0.7641567625000001 0.42408280625000006 0.9081997984375001 0.329189634375 0.996841709375 0.2716996234375 0.997765028125 0.24330093125 0.9275901796875001 0.30079095312500004 0.8860393359375 0.322955784375 0.79462740625 0.37836784843750004 0.6856385109375001 0.47082700937500005 0.71152565625 0.478802221875
1 0.7253759375 0.48226548906250005 0.83802495 0.3963767625 0.9017363171874999 0.372826634375 0.9211267609375 0.34996915624999997 0.9386704421875001 0.3250337296875 0.9155865984375 0.3347308484375 0.8961962171875 0.3582809640625 0.8214046500000001 0.3832164125 0.71813779375 0.47311211562500005 0.7253759375 0.48226548906250005
0 0.44525584374999994 0.48034255625 0.460952825 0.4312028578125 0.46926300625 0.3293831859375 0.48588336718749997 0.2788196859375 0.4997336484375 0.1984721859375 0.47664980625000003 0.2123251953125 0.45264264374999996 0.24904287187500002 0.4314055625 0.41389376718750004 0.43048218125000004 0.43882921562500005 0.41751943125 0.45635467187499995 0.44525584374999994 0.48034255625
0 0.4184786 0.357050703125 0.41940198124999994 0.3092577984375 0.37138759375 0.333500575 0.37323429375 0.37159637343749996 0.370464275 0.45609977968750004 0.366770875 0.4775719609375 0.41016841875 0.4595630234375 0.4092451 0.413155415625 0.4184786 0.357050703125
1 0.2836691265625 0.404150959375 0.22457453906249997 0.370903725 0.161786521875 0.333500575 0.103615315625 0.288478265625 0.08330155312500001 0.2718546484375 0.08237820312500001 0.2870929671875 0.12577577812500002 0.31618430937499997 0.190410496875 0.36259191562500004 0.2818223640625 0.420774575 0.34830381250000003 0.46648953437499996 0.3657237 0.45707067187500006 0.3298367515625 0.4360128953125 0.2836691265625 0.404150959375
0 0.44313149999999996 0.22915830625 0.41543093750000004 0.20353023124999997 0.37572679375 0.18967720937500002 0.34248606875 0.183443346875 0.28616156406250004 0.1301092296875 0.15786981875 0.001327784375 0.10985549375 0 0.16618 0.053969253125000005 0.2631320296875 0.1564815734375 0.3185332171875 0.20981571406250002 0.3499271796875 0.21604957656249998 0.397941565625 0.2368098234375 0.39701818437499997 0.2631305453125 0.362854140625 0.311616121875 0.37024094218750003 0.33644163437499996 0.4135842375 0.3095057953125 0.4375913984375 0.2700247 0.44313149999999996 0.22915830625
1 0.55338206875 0.10636264375 0.5626156296875 0.029478409374999997 0.5866227921875 0.0010797171875000001 0.5432251875 0.003157675 0.5293749062499999 0.0557991328125 0.50167434375 0.15692616718750002 0.4378314828125 0.21413345781249998 0.43771717499999996 0.21411570000000002 0.45044815937499993 0.234498265625 0.4822839 0.20541172031250002 0.513677925 0.1853248359375 0.55338206875 0.10636264375
1 0.43974540781250004 0.13907028906250002 0.3959366109375 0.104127284375 0.2712348109375 0.02383295 0.23071421875000003 0 0.2090871 0.003449521875 0.27175029687499996 0.042968403125 0.322768171875 0.0770794265625 0.3870950078125 0.11657131406250001 0.42147660625 0.1440265328125 0.4419946453125 0.1735616875 0.4414400859375 0.200562053125 0.46636340781249996 0.1848289875 0.4658088484375 0.1636135859375 0.43974540781250004 0.13907028906250002
1 0.3188058875 0.20066855156250002 0.34306709375 0.19676865937500002 0.35404238593750004 0.167752221875 0.379458884375 0.151286015625 0.464950753125 0.101887425 0.48401312656249995 0.0871545125 0.505386084375 0.059855284375 0.5412002484375 0 0.5140507921874999 0.0004903125000000001 0.48574604531250004 0.05638871250000001 0.45975192031249995 0.0810803015625 0.3465329703125 0.1512782953125 0.33035884531250004 0.1551781875 0.3286258875 0.18334405468749998 0.315204834375 0.19114377031250002 0.3188058875 0.20066855156250002
1 0.5343502015625 0.1405596546875 0.5633171484374999 0.146073096875 0.6043896734375 0.14834334531249999 0.6463268515625 0.146073096875 0.6601618218749999 0.142505571875 0.6722673984374999 0.1343975609375 0.68350829375 0.11883017968750001 0.6960462265625 0.096127740625 0.7193927265625 0.0815333171875 0.76565334375 0.062074084375000005 0.7639239796874999 0.058506557812500005 0.7120428859375 0.0750469046875 0.6843729749999999 0.1048843953125 0.66362055 0.1269381890625 0.6476238890625 0.136019159375 0.616927578125 0.13407324062499998 0.584069575 0.1363434890625 0.54311266875 0.1295093921875 0.5343502015625 0.1405596546875
1 0.6715650859375 0.1404050046875 0.7454956125 0.1258105828125 0.761059946875 0.12256737656250001 0.791323903125 0.11251343750000001 0.7472249765625001 0.12029713906249999 0.680542715625 0.1316493078125 0.6715650859375 0.1404050046875
1 0.55785905625 0.0748922609375 0.5997962765625 0.06418968281250001 0.6188193390625 0.06418968281250001 0.6339513171875 0.0671085703125 0.681076615625 0.08137866875000001 0.694046875 0.08073002968750001 0.632221925 0.061270796875 0.6010932859375 0.05835191562499999 0.5597564453125 0.0685218375 0.55785905625 0.0748922609375
1 0.24645400624999997 0.2865645734375 0.252235553125 0.2530512984375 0.2743105171875 0.17658379375 0.2890272078125 0.1217797125 0.3079486109375 0.071706928125 0.289552784375 0.063427175 0.2564403015625 0.1444548265625 0.24855637968750002 0.179129 0.23226292656249997 0.22683614218749998 0.229109365625 0.2623208015625 0.22858375468749997 0.263109346875 0.24645400624999997 0.2865645734375
1 0.1644611453125 0.1734079609375 0.138706990625 0.1257190890625 0.092454615625 0.091811528125 0.0015884593749999998 0.0669722734375 0.0015884593749999998 0.081954684375 0.058352740624999996 0.09733136718749999 0.0830557265625 0.1056111203125 0.11774500624999999 0.13360456406250001 0.16715094218749998 0.206150971875 0.20551939687499998 0.27785342343749997 0.2266783265625 0.2712234859375 0.20440637968750003 0.2266349453125 0.1644611453125 0.1734079609375
1 0.171355690625 0.2664194875 0.14717831718750002 0.2348775625 0.1061819125 0.212009678125 0.08778608593750001 0.20806694375 0.066762271875 0.2104325875 0.05046881875 0.20964403437499998 0.0205098984375 0.2033356578125 0.0031652578125 0.19545017656250002 0.022612271875 0.210826859375 0.065185475 0.21516387343750001 0.0972468046875 0.216346690625 0.1282569140625 0.2313291078125 0.1519086765625 0.2581397328125 0.18712356875 0.3019041390625 0.2155056921875 0.32792620625 0.21400624375000002 0.3123788515625 0.1913283171875 0.2888931 0.171355690625 0.2664194875
1 0.0436360859375 0.2336947453125 0.012100365625 0.13591481562500002 0.0189331 0.1725822921875 0.039956912500000004 0.2352718484375 0.0410081 0.24355158906250002 0.062031912499999994 0.2577454609375 0.0777997546875 0.27785342343749997 0.0833542890625 0.2707552203125 0.0588783515625 0.2443401484375 0.0436360859375 0.2336947453125
1 0.02786824375 0.261293915625 0.0021140703125 0.24079167968749998 0.022086696875 0.2628710203125 0.067813459375 0.284950359375 0.0641342875 0.27745915 0.0551991796875 0.27391068281250003 0.02786824375 0.261293915625