0 0.718921740625 0 0.722220421875 0.1200434359375 0.6959611015625 0.2185350203125 0.66094886875 0.24972400781249998 0.6697019265625 0.41059356718749995 0.6653253968749999 0.530425009375 0.67407845625 0.683086934375 0.6478191343749999 0.6896530750000001 0.6325013562499999 0.7388988265624999 0.6645562375 0.8269943015625 0.80318643125 0.8849947203124999 0.80318643125 0.8373904359375001 0.79005684375 0.7487480093750001 0.779115446875 0.6256335234375 0.7572328015625 0.40731052500000003 0.750667934375 0.284196065625 0.77473891875 0.22017654062499997 0.8111698203125 0 0.718921740625 0
0 0.4552514140625 0.7044268234375 0.3896031828125 0.6748793281250001 0.308637175 0.64697335625 0.1642112734375 0.56489706875 0.04385635625 0.4975944734375 0 0.47461311874999995 0.011032315625 0.5829538578125 0.1357637609375 0.650256453125 0.27143660468749997 0.715917471875 0.4311804296875 0.817692125 0.5296525546875 0.8751454828125 0.6106185640625 0.963787965625 0.6428941765625 0.8053322406250001 0.5559118765625 0.7717293625 0.4552514140625 0.7044268234375
0 0.8272574140625 0.5008775156249999 0.7828348765625 0.4852119078125 0.6565723390625 0.381046128125 0.6259364890625 0.37283849375 0.566853125 0.3383664359375 0.5165229671875 0.374480015625 0.5121464390625 0.3991029171875 0.5296525546875 0.443424103125 0.5624765968750001 0.47461311874999995 0.608430371875 0.5123682203125 0.64563094375 0.5534063640625 0.7681740515625 0.678162371875 0.80318643125 0.8587302687499999 0.9076526953125 0.8919804828125001 0.8775877187500001 0.5993691265625001 0.8272574140625 0.5008775156249999
1 0.614036978125 0.08801790312499999 0.58497248125 0.0690590859375 0.5698084625 0.07569468124999999 0.5571716953125 0.0652673359375 0.5420076765624999 0.040620876562500005 0.5382166296875 0.015974425 0.5420076765624999 0.0643193984375 0.573599425 0.08801790312499999 0.5824451453124999 0.10128907812500001 0.6366785203124999 0.12399586250000001 0.6405740546875001 0.1306752265625 0.6696385515625 0.15247785625000002 0.68985724375 0.16764490625 0.7048367078125 0.15753900468749998 0.679747896875 0.126883459375 0.6481560640625 0.10413289218749999 0.614036978125 0.08801790312499999
1 0.7719959765625 0.3572330125 0.794742090625 0.366712421875 0.835179559375 0.3761918296875 0.8465526156250001 0.3515453546875 0.8465526156250001 0.3316386328125 0.8414979421875 0.2927730609375 0.8364432687500001 0.2823457140625 0.8377068953125001 0.3268989125 0.8301248859375001 0.3382741953125 0.8275975484375 0.3572330125 0.806115146875 0.352493325 0.7604335984375 0.3420511828125 0.7719959765625 0.3572330125
0 0.44470492500000003 0.313627753125 0.35498418125 0.2804498390625 0.29685527343749996 0.25864720937499996 0.22608963906250001 0.224521325 0.194497846875 0.21219810468750003 0.16922439843749998 0.16954078125 0.16922439843749998 0.1354149296875 0.178070075 0.1098205328125 0.173015403125 0.085174075 0.17048806562500002 0.0538920515625 0.12625955 0.042516751562499996 0.1174138296875 0.0519961609375 0.1414236109375 0.089913778125 0.13763260625 0.12593552187499998 0.133841559375 0.1771243140625 0.15279666875 0.224521325 0.1679607296875 0.23968839218750002 0.178070075 0.25864720937499996 0.2185075875 0.263386896875 0.274109159375 0.2956168734375 0.37393924843750004 0.325950975 0.4623962796875 0.3752438921875 0.5028338328124999 0.395150646875 0.5380460375 0.3503907171875 0.488933440625 0.3373262578125 0.44470492500000003 0.313627753125
1 0.08961304375 0.30035659375 0.07318531406249999 0.30225246875 0.056757584375 0.2946689359375 0.0403298546875 0.2918251234375 0.0226384140625 0.2671786484375 0.018847409375 0.2927730609375 0.05170286875 0.3088880328125 0.06433959375000001 0.313627753125 0.08961304375 0.316471565625 0.12373221406249998 0.3107839390625 0.145214615625 0.2965648109375 0.1666970609375 0.2690745546875 0.1768064078125 0.2539074890625 0.1793337859375 0.2453760171875 0.147741953125 0.2377925171875 0.1161501609375 0.289929246875 0.08961304375 0.30035659375
1 0.23999003124999999 0.182811940625 0.26652715 0.21693782343749998 0.3019099453125 0.22641723281249998 0.349929509375 0.2453760171875 0.2728455328125 0.210302228125 0.2513630890625 0.181864003125 0.2324079796875 0.156269621875 0.209661909375 0.139206696875 0.1768064078125 0.13162316406250002 0.17805617499999998 0.1439872625 0.197025184375 0.14868610468750001 0.23999003124999999 0.182811940625
0 0.678436428125 0.32429915 0.7917177453125 0.22977334843750002 0.8108100953124999 0.21354163124999997 0.9215458562500001 0.1562532828125 0.9610034171875 0.1314283203125 0.9979153390625 0.11137740625 1 0.0684111359375 0.9520936328125 0.0951457046875 0.9215458562500001 0.11424181562499999 0.8846339359375 0.1342927453125 0.823538384375 0.1705753609375 0.7891721046875 0.1839426703125 0.6364332265625 0.29470015625 0.6084310921875 0.32238954375 0.5855202390625001 0.3405308359375 0.644142046875 0.3781282375 0.6580712156249999 0.3414856703125 0.678436428125 0.32429915
1 0.8906514781249999 0.32786672656250004 0.9220162999999999 0.3224748359375 0.948153665625 0.3102205421875 0.9265903453125001 0.308750028125 0.9096010703124999 0.3161026046875 0.8893446140625001 0.3161026046875 0.8697416125 0.32737655625 0.8553660656250001 0.32786672656250004 0.8468714281249999 0.3322782765625 0.8531924140625 0.3466685640625 0.86778129375 0.3386505078125 0.8906514781249999 0.32786672656250004
1 0.8155065625000001 0.46658536718750004 0.8207340609375 0.47344776875 0.8351096078125 0.4714870875 0.85079201875 0.46168364687499996 0.8658209765624999 0.4582524546875 0.8442576562499999 0.45286056406249997 0.8396836546875001 0.458742625 0.8311889734375001 0.46707553749999997 0.8168134265625 0.46658536718750004 0.8089722421875001 0.4611934765625 0.8024378796875 0.463154175 0.7991707421875 0.45923279531250005 0.7939432421875 0.46903623593750005 0.7939432421875 0.474918296875 0.8036009546875 0.4792718140625 0.8122394249999999 0.4798200171875 0.8155065625000001 0.46658536718750004
1 0.8501385656249999 0.538150459375 0.878889659375 0.542562009375 0.9030667078124999 0.5479539 0.9109079343750001 0.5396209859375001 0.912868253125 0.524915809375 0.9422727562500001 0.504328603125 0.9664498046875 0.4700165765625 0.982132215625 0.449919525 0.985399396875 0.43325368124999997 0.9873597140625 0.4239404109375 0.9782116234375 0.3994318265625 0.9788650765625 0.3651197921875 0.9625292125 0.3607082421875 0.9579551671875001 0.368060821875 0.9586086203124999 0.3739428828125 0.9559948921875 0.4136468 0.95926203125 0.425901109375 0.9331246656250001 0.4719772578125 0.9180957078124999 0.485702078125 0.8913049328125 0.50972049375 0.875622521875 0.51413204375 0.8337870609375001 0.5089188828125 0.8501385656249999 0.538150459375