0 0.560230128125 0.4221929953125 0.5615505515625 0.406355296875 0.5589096328125 0.36478135625 0.55230736875 0.317268203125 0.52457781875 0.2440188375 0.45063228125 0.2558970984375 0.45855496875 0.3024203640625 0.4889254375 0.3568624796875 0.4757209109375 0.3855683265625 0.4894110921875 0.41429505000000005 0.560230128125 0.4221929953125
0 0.48100275000000003 0.41922749374999996 0.441389025 0.35290711875 0.43478676250000003 0.33395464218750004 0.438748178125 0.2943603671875 0.3027412046875 0.196364565625 0.22087290781250002 0.1211354796875 0.174656990625 0.06966291718749999 0.11523640312500001 0.0013628218750000001 0.0518545453125 0 0.0518545453125 0.007301951562500001 0.11523640312500001 0.0716426359375 0.31990707500000004 0.2696043125 0.34895712031250004 0.3171174234375 0.3806480859375 0.397295834375 0.43594608125 0.47310656250000005 0.48100275000000003 0.41922749374999996
1 0.19710470156249998 0.046938584374999995 0.17729783906250002 0.0023950390625000002 0.128441003125 0 0.148247865625 0.036050170312500004 0.1997456203125 0.0934618375 0.2353979296875 0.13800538281250002 0.29613886875 0.1865083671875 0.323868490625 0.216204075 0.3819685109375 0.2528287703125 0.45327312812500004 0.3003418953125 0.44901530625 0.2574643484375 0.3185866515625 0.16671122968750002 0.19710470156249998 0.046938584374999995
0 0.3727253265625 0 0.40309586875000003 0.0479284453125 0.429504921875 0.14196482187499998 0.4559140484375 0.2419403421875 0.44667086562499997 0.255798321875 0.5233883625 0.247043184375 0.4889254375 0.07861399687500001 0.49156635781249997 0.0340704515625 0.520616403125 0 0.3727253265625 0
1 0.37404582343750004 0.15879237968749998 0.3661230640625 0.114248834375 0.351598040625 0.07267485312500001 0.297459365625 0.0014051796875 0.2578457125 0.0023950390625000002 0.2987797890625 0.054857434375 0.31594573125 0.0815835625 0.323868490625 0.1003908546875 0.32915033125000004 0.1300865328125 0.3344320984375 0.159782240625 0.34367535312499997 0.1805692375 0.405055184375 0.220038840625 0.3846094296875 0.1835387890625 0.37404582343750004 0.15879237968749998
0 0.43610725781250004 0.24589978124999998 0.44667086562499997 0.219173653125 0.4334663390625 0.163741678125 0.4242231546875 0.1756199390625 0.41574818750000003 0.2191477578125 0.43610725781250004 0.24589978124999998
0 0.497581059375 0.1073362671875 0.50859079375 0.0947391765625 0.5196005593749999 0.0873546796875 0.535245990625 0.0808389484375 0.5375638390625 0.06737309062499999 0.5416200578125 0.0391382359375 0.5410405796875 0.0004782109375 0.5253951484375 0 0.51902108125 0.0039532671875 0.5213389296875001 0.0374007140625 0.5132264906249999 0.0543416171875 0.50859079375 0.06346365000000001 0.4926672734375 0.07388026875 0.497581059375 0.1073362671875
1 0.5290388109374999 0.0857236125 0.5514708671874999 0.0830108546875 0.5650137421875 0.083320525 0.5785488703125 0.0790483703125 0.6036223046875 0.0495634203125 0.6325953515625 0.038703853125 0.6476613046875 0.038703853125 0.674895946875 0.036531946875 0.7160376515625 0.0308849703125 0.747907959375 0.0230660890625 0.7658712390625 0.020894182812500002 0.7612355421875 0.01524720625 0.7160376515625 0.0248036234375 0.6743165015625 0.031753737500000004 0.6349131671875 0.0334912734375 0.6059401546875 0.03826948125 0.5937714953125 0.050432175 0.5763876625 0.065201184375 0.5694341484375001 0.07302006562499999 0.539591759375 0.07348923125 0.5290388109374999 0.0857236125
1 0.6617736734374999 0.031689425 0.6768202171875 0.02481605 0.6932773937500001 0.019705078125 0.7083239375 0.017942674999999998 0.7156121140625 0.019352596875 0.720079053125 0.015651553125000002 0.7318341671875 0.013889148437500002 0.73724151875 0.0117742625 0.7433541859374999 0.010364340625 0.7525436578125 0.001346978125 0.7305241265625 0.0109033828125 0.7096635515624999 0.0143784515625 0.690541378125 0.01524720625 0.6725780984374999 0.020025415625 0.6506463796874999 0.0312571921875 0.6617736734374999 0.031689425
1 0.713261096875 0.019705078125 0.7219598781250001 0.023758609375 0.72807254375 0.0225249234375 0.7173122109375 0.017758799999999998 0.713261096875 0.019705078125
1 0.7654716640625 0.018062753125 0.7762863656250001 0.014009221875 0.790157415625 0.010836896875 0.7934488453124999 0.0073120875 0.77981290625 0.0106606546875 0.76321615 0.0156962953125 0.7654716640625 0.018062753125
1 0.758888790625 0.0210588390625 0.7819288265625 0.0275797328125 0.7845149546875 0.026522287500000002 0.7925084328125 0.0210588390625 0.7946243546875 0.0184152296875 0.7948594499999999 0.0118943359375 0.8002668140625 0.0067833703125 0.8052039593749999 0.0000862359375 0.7986211 0 0.7953296562500001 0.005020965625 0.789217003125 0.0145379453125 0.7894521 0.018238993749999998 0.7809884140625 0.0233499609375 0.7753459671875 0.0212350796875 0.7653315390625 0.0191866875 0.758888790625 0.0210588390625
1 0.7997966078125 0.0064308890625 0.8016774203124999 0.007840810937500001 0.8249525656250001 0.007488329687500001 0.849638303125 0.008017051562499999 0.8686815937500001 0.006959610937500001 0.8778505937500001 0.005549684375 0.890546121875 0.0002624765625 0.8834930421875 0.0016723984375 0.8736187515625 0.00449224375 0.8672709890625001 0.005725925 0.85363505 0.0064308890625 0.8418799343750001 0.0064308890625 0.8244823468750001 0.0053734484375 0.8038316171875 0.0058597375 0.7997966078125 0.0064308890625
1 0.51835318125 0.0894617453125 0.522627434375 0.09213184218750001 0.5350939968749999 0.0945349296875 0.554684321875 0.0926658640625 0.5671508734375 0.0926658640625 0.58211075625 0.0950689515625 0.5924401968749999 0.0974720390625 0.5999201281250001 0.09720502812500001 0.6049067499999999 0.094000909375 0.6002763265625 0.094000909375 0.5813983796875 0.0897287546875 0.571781315625 0.087592678125 0.5521910015625 0.085189590625 0.5375873078125 0.08839370937499999 0.5268580015625 0.086275571875 0.51835318125 0.0894617453125
1 0.5198884453125 0.2227147765625 0.5335699515625 0.2167519359375 0.5335699515625 0.21222017499999998 0.543115171875 0.2062573328125 0.5488423078125 0.20315665156249998 0.5440696890625001 0.19743232500000002 0.5456605734375 0.1871762375 0.5520240421875 0.172626896875 0.559660228125 0.15688499218750002 0.5682509312499999 0.146390390625 0.5765234687499999 0.1411430890625 0.568569115625 0.1361342984375 0.5599784125 0.1447207921875 0.543751521875 0.1740579828125 0.5373880359375 0.185268128125 0.53452446875 0.2007715140625 0.534842634375 0.20124854375 0.5310245499999999 0.20530327499999998 0.51638854375 0.21532085625000003 0.5198884453125 0.2227147765625
1 0.5338881171875001 0.21532085625000003 0.5415243046875 0.21770599375000002 0.5593420625000001 0.2143667984375 0.5806597375 0.1998174640625 0.593068525 0.19003839843749998 0.5975229609375 0.185268128125 0.6016592296875001 0.18646069375000002 0.619795153125 0.1967167828125 0.624567771875 0.20196408593749998 0.629976740625 0.20053300625 0.63793109375 0.19600124531250002 0.6468399640625 0.1948086734375 0.6544761343750001 0.19266205 0.6462036140625 0.1912309703125 0.631249425 0.193139078125 0.62774950625 0.1952857015625 0.621067853125 0.1917079984375 0.5987956609375 0.1812133890625 0.5943412265625 0.1819289328125 0.5727053671875 0.1983863828125 0.555523959375 0.20888098593749999 0.5350443265625 0.21190812343749998 0.5338881171875001 0.21532085625000003
1 0.5752507687499999 0.14353515781249998 0.5908413078125 0.1492594859375 0.5965684437500001 0.14997502812500002 0.621067853125 0.1528371953125 0.6261586390625 0.1533142234375 0.629976740625 0.1533142234375 0.639840128125 0.1437736734375 0.65670336875 0.1363797453125 0.6742029421875 0.13304055625 0.7044294875 0.1258851421875 0.7101566234375001 0.12445406249999999 0.7047476890625 0.1196837875 0.6987023515625 0.1227844671875 0.661794171875 0.13064848281250002 0.6344311765625 0.144005253125 0.6274313390625 0.14782147031249998 0.625204121875 0.14925255312500002 0.6118408 0.148059984375 0.5867050390624999 0.1430511984375 0.5751241921875 0.13847608281249998 0.5752507687499999 0.14353515781249998
0 0.2300438578125 0.527691665625 0.23959961718749997 0.5137420796875001 0.269775659375 0.4583208 0.2647463046875 0.4213766453125 0.262231640625 0.3402936890625 0.25619644375 0.26034179375 0.253681753125 0.20152736249999997 0.2204881265625 0.17249715937500001 0.2204881265625 0.20529750937500002 0.225517453125 0.289090065625 0.23205559843749998 0.344495225 0.23150628593749997 0.41802783593750004 0.2325121578125 0.42594516093749996 0.2355297421875 0.4440419109375 0.23100333750000002 0.46213866093749995 0.2162731515625 0.4866700046875 0.2300438578125 0.527691665625
0 0.2124411875 0.3580346546875 0.2164646421875 0.28489488125 0.1953414375 0.26943724375 0.180253403125 0.2879110046875 0.17723581875 0.2939432515625 0.185785678125 0.2999754984375 0.1847798078125 0.3290057015625 0.1852827578125 0.39992504218749997 0.18377396562499998 0.441072303125 0.1893062125 0.49196941406250005 0.18679155 0.500263740625 0.19936489375 0.510066153125 0.2124411875 0.5036568796875 0.21586587656249998 0.4873148546875 0.20992652343749998 0.43909300937499995 0.2124411875 0.3580346546875
0 0.17824168906249999 0.47613475312500003 0.16365660312500002 0.4244836203125 0.1556096640625 0.40110865625000003 0.14806564687499998 0.3607679875 0.1334805609375 0.289828903125 0.10531626093749999 0.2182248375 0.0701108921875 0.13937602031250002 0.0339507140625 0.0466235265625 0.0042776078125 0 0 0.03795216875 0.013330417187499999 0.0669823671875 0.022383240625000002 0.086964190625 0.016850965625 0.1031758671875 0.017856821875 0.114109309375 0.0334477921875 0.1242887296875 0.06010327343750001 0.17669389687499998 0.08776465156249999 0.2461167078125 0.10436145156250001 0.2838182546875 0.12447881406250001 0.3750778921875 0.12649055468749998 0.39889034375 0.1330287015625 0.41321692656250003 0.15364898437500002 0.4867349765625 0.16974286249999998 0.5287022109375 0.1838250265625 0.4951478171875 0.18835143125 0.48609944687500006 0.1896193328125 0.4857129109375 0.1842768859375 0.48254402656249995 0.17824168906249999 0.47613475312500003