0 0.28771390625 0.5362320015625001 0.26102738125 0.5112134015625001 0.179188734375 0.43232142500000004 0.15806198437500002 0.40897072031250004 0.1269276921875 0.42815165781250003 0.149166446875 0.44149491406249997 0.2214424046875 0.5207204671875 0.2692557640625 0.5557465140625 0.31150935 0.5757614078125 0.37044208749999996 0.605783715625 0.431598665625 0.6608246546875 0.42559416875 0.6121217609375 0.3510943265625 0.5570808359375 0.28771390625 0.5362320015625001
0 0.359322709375 0.4022991 0.3315242640625 0.3756125875 0.3015018921875 0.31721501875 0.28704675156250004 0.2880266359375 0.27592737343749996 0.259672225 0.2814870625 0.30470571875 0.3204048859375 0.386433140625 0.4160315203125 0.473164303125 0.47941194062500003 0.5206996171875 0.49497908749999997 0.507794196875 0.4382702765625 0.4681814125 0.359322709375 0.4022991
1 0 0.2916274859375 0.042076703124999996 0.322502203125 0.07902080312500001 0.35496023593750003 0.0980206171875 0.37118924531249997 0.1349647171875 0.41670965468750004 0.1296869890625 0.4309595296875 0.15607563124999999 0.415116440625 0.1558249234375 0.41473050625 0.11465864375000001 0.36643928593749997 0.081408959375 0.3403145359375 0 0.27381515625 0 0.2916274859375
1 0.199880753125 0.525552909375 0.1713810515625 0.5180321546875 0.1365480109375 0.519219640625 0.0800763328125 0.5168446546875 0.0283545765625 0.5093238999999999 0.029700396875 0.5204071265625 0.06717230156250001 0.5235737609375 0.1046441671875 0.527136234375 0.14211603125 0.527136234375 0.1732546375 0.5291153828125 0.217587565625 0.5409902718749999 0.2540434421875 0.547125628125 0.26070658281250003 0.5413860953125 0.235241559375 0.5310945296875 0.199880753125 0.525552909375
1 0.0971101921875 0.6228874265625 0.11347114375 0.5370220796875 0.1198044421875 0.5132723 0.170470628125 0.48398090156249995 0.2427754921875 0.44241878906250004 0.17363725624999998 0.474876821875 0.12244330625 0.503792175 0.11347114375 0.50656298125 0.10502678593749999 0.5338752296875 0.0976379578125 0.5611874718750001 0.0865547359375 0.6126453265625 0.0971101921875 0.6228874265625
0 0.200822103125 0.68554854375 0.123084496875 0.6437645875 0.06089446875 0.5912916874999999 0.022025665625 0.54853600625 0.0401644609375 0.40472142031249997 0 0.3745981125 0.0025912640625 0.412495175 0.006478084375 0.44456196718749996 0 0.5767158859375 0.028503800000000003 0.6107260890624999 0.0971719609375 0.6631989890625001 0.154179559375 0.69623745 0.1943439703125 0.7399648546875001 0.257829703125 0.804098403125 0.2740250375 0.788550859375 0.23969090781250002 0.7389931484375001 0.200822103125 0.68554854375
0 0.138667334375 0.7315107390625 0.055934543749999996 0.72557556875 0.0019783765625 0.718021696875 0.001258971875 0.7315107390625 0.049459792187500004 0.7374459296875 0.1257178875 0.742841546875 0.16528574375 0.7552514609375 0.204134140625 0.781689990625 0.2019759265625 0.7552514609375 0.171041034375 0.7374459296875 0.138667334375 0.7315107390625
0 0.5525111515625001 0.777238603125 0.6136614734375 0.736231903125 0.6963942640624999 0.7043977671875 0.7999901171875 0.6725636296874999 0.9215713593749999 0.6434273015625 0.9920740515625001 0.6142909671875 1 0.589471134375 0.9582615421874999 0.6110536 0.912218934375 0.6229239625 0.8417161875 0.6418086203125 0.7899182890625001 0.6552976625 0.67625060625 0.688210915625 0.6115032046875 0.710872521875 0.542439321875 0.74540445625 0.5525111515625001 0.777238603125
1 0.33995235468749996 0.4181646375 0.3124619078125 0.40683934062500005 0.28923053906249996 0.390867775 0.263676025 0.375767384375 0.2447037359375 0.363280525 0.1970794328125 0.329304646875 0.1909812171875 0.337566309375 0.2087919265625 0.3512147296875 0.23821832031249998 0.3689286546875 0.27267818906249996 0.388094528125 0.3024917671875 0.4077903703125 0.3253359515625 0.4194060546875 0.34818013593749997 0.4260850828125 0.3737346359375 0.4321833125 0.3713146953125 0.4265860015625 0.354665565625 0.4222301203125 0.33995235468749996 0.4181646375
1 0.149551925 0.347098425 0.11973833281249999 0.30033077812500003 0.11431768906249999 0.28900548125 0.09805572812499999 0.275647446875 0.091860703125 0.279712934375 0.11199454375 0.305557834375 0.1375490578125 0.351149390625 0.1541982171875 0.391884146875 0.158844478125 0.41976179062499996 0.17897831875 0.41714825624999996 0.1756872140625 0.41635694062499995 0.1642651375 0.383687828125 0.149551925 0.347098425
1 0.5233268328125 0.41607854218749996 0.5514772031249999 0.35768155468749996 0.5814243765625 0.314984371875 0.6263451375 0.288031915625 0.6526986578125 0.2907271640625 0.704806721875 0.2956684484375 0.7293633953125 0.2947700296875 0.7766799375 0.23996670312499999 0.7694926343749999 0.235519553125 0.7299623296875 0.2822371328125 0.719181375 0.289424465625 0.6407197890624999 0.28133873125000003 0.6221525046874999 0.28088951406249996 0.5694455078125 0.3091895890625 0.53830041875 0.344676996875 0.5161395296875 0.4098120984375 0.4831976390625 0.467782346875 0.47810660625 0.49473480312499996 0.49352940468749995 0.4970482109375 0.507155378125 0.447073865625 0.5233268328125 0.41607854218749996
1 0.61989435 0.42977121562500004 0.6278494578125 0.4043688703125 0.6368422 0.3737589375 0.6444514640625 0.35819456562499996 0.6530983375 0.3436678171875 0.6942574593749999 0.314873728125 0.71362645 0.3071174828125 0.7547855718750001 0.29336895625000003 0.786951925 0.2858461734375 0.8229229218749999 0.266909521875 0.9002173171875001 0.23279112343750002 0.95296324375 0.2205990296875 0.9491586249999999 0.2159297203125 0.92529325 0.21982081406249998 0.9346318874999999 0.2069737203125 0.9470833796875 0.18674003749999998 1 0.137193453125 0.99861875 0.131486515625 0.9401658812499999 0.1862212234375 0.9124958875000001 0.2222786890625 0.8623440234374999 0.24563173124999998 0.7990489000000001 0.2739070015625 0.74924291875 0.2881548875 0.685947809375 0.310723228125 0.674533925 0.31409550625 0.638562928125 0.3415731140625 0.619885703125 0.3955296015625 0.6057048234375 0.44093865625 0.5915239421875 0.475439678125 0.6079616484375 0.47996631562500003 0.6109015796875 0.464012840625 0.61989435 0.42977121562500004
1 0.3636083359375 0.40104524062499997 0.38408469843750004 0.3715284 0.4225458578125 0.350960046875 0.4482980921875 0.327130859375 0.4971103109375 0.2720854375 0.5258725546874999 0.23691856718749998 0.562995928125 0.19327353281249998 0.594258146875 0.16180019375000002 0.6042914890625 0.15477684687499998 0.6745248859374999 0.11288764531249999 0.7230193734375 0.085527975 0.790577203125 0.047401271875 0.7922494265625 0.0428862703125 0.79659721875 0.0413812671875 0.7919149859375 0.0413812671875 0.72520163125 0.0789874890625 0.6636220125000001 0.112097521875 0.6017497078125 0.147847575 0.585027496875 0.153365909375 0.5569341078125001 0.1889842765625 0.5221518484375001 0.22421384843749997 0.5014162843750001 0.25581887812500004 0.45124957187500003 0.3140436203125 0.42081510624999996 0.3391269765625 0.4057650921875 0.3458994796875 0.371986178125 0.3747453390625 0.35459503593749997 0.396379734375 0.3636083359375 0.40104524062499997
1 0.5212223140625001 0.4297637609375 0.576280459375 0.3844124015625 0.5886924140625001 0.380115959375 0.6039686453125 0.376296896875 0.6221092015624999 0.376296896875 0.6300655796875 0.3669879359375 0.6020591203125 0.3674653203125 0.5788264859375001 0.37247783437500004 0.5546391015625 0.38703800781250003 0.5352255453125 0.4051785546875 0.5212223140625001 0.4297637609375
1 0.3628635984375 0.190406809375 0.4473462375 0.1436809234375 0.44940679687499996 0.13248215624999998 0.52513213125 0.06567573125000001 0.43652837343749995 0.1351853046875 0.41592283906249994 0.155652021875 0.3288644578125 0.2027640640625 0.28816854375 0.2278647453125 0.27735065 0.2309540703125 0.2732295328125 0.262233378125 0.2866231390625 0.2599163859375 0.29074425625 0.23327104062499998 0.3628635984375 0.190406809375
1 0.219655165625 0.1710985890625 0.1470206703125 0.1077676390625 0.12641515 0.0753298390625 0.122294046875 0.07454009687499999 0.0944765828125 0.0324481859375 0.0774770140625 0 0.0738710484375 0.0023273671875 0.0882949203125 0.040557634375 0.1202334875 0.082263384375 0.14805095 0.11779050312499999 0.2155340765625 0.18112144218749998 0.24026070000000002 0.195434721875 0.2752900921875 0.22671404218750002 0.28363132812499997 0.2283705125 0.27219928125 0.21357667500000002 0.219655165625 0.1710985890625
1 0.2891988234375 0.2267267890625 0.311864915625 0.19467516093749998 0.32474336875 0.158760021875 0.3262887734375 0.11470431406249999 0.3082589515625 0.06836459218749999 0.2732295328125 0.00039966875000000003 0.265502478125 0.001558165625 0.28198689374999997 0.0332236390625 0.3144406015625 0.10198296093749999 0.31753143906250003 0.148708846875 0.30928923125 0.183463634375 0.28872991406250004 0.2207295875 0.2891988234375 0.2267267890625
1 0.2958956265625 0.29167990312500003 0.3149557265625 0.282411953125 0.38449938437500003 0.2089999796875 0.3917113125 0.1931672375 0.41901365 0.140994609375 0.419528775 0.114349265625 0.42622557812500006 0.0008169625 0.416953090625 0.00236161875 0.40922603593750007 0.12398437656250001 0.40562004375000005 0.1386813296875 0.3886205015625 0.1757531046875 0.382953978125 0.1942889953125 0.364409003125 0.21475570156249998 0.3242282140625 0.258006109375 0.2943502203125 0.2823344609375 0.2958956265625 0.29167990312500003
1 0.1566406484375 0.11005602343750001 0.173230853125 0.0961185046875 0.21642258281250001 0.06760019687499999 0.2587562046875 0.0444424765625 0.2581841265625 0.0377953546875 0.2433101546875 0.0459434390625 0.21213200781250002 0.06588481093750001 0.16779613124999998 0.093759846875 0.15028406562500002 0.10962663125000001 0.1566406484375 0.11005602343750001
1 0.4239176984375 0.0666976203125 0.4396134359375 0.0437258484375 0.45717770937499996 0.030278954687499998 0.4852057921875 0.010949053125 0.5091230875 0.0003035953125 0.494174809375 0.0003035953125 0.45904624375 0.02047393125 0.43438152968750005 0.039243553125000004 0.42055432656249997 0.0599741703125 0.4239176984375 0.0666976203125
0 0.597706890625 0.50424159375 0.6720061234375 0.49892020625000005 0.705606421875 0.4928893203125 0.732108059375 0.49005124218749996 0.7562434609375 0.48472985625 0.7723337625 0.478344209375 0.765708359375 0.46592765625 0.7713872453125 0.45493013437499996 0.7817986078125 0.4439326109375 0.7775394171875 0.43896599375 0.7709140140625 0.44073978281250004 0.76476184375 0.44606116875 0.7515110375 0.45741344218749996 0.7529307843749999 0.4677014453125 0.734947503125 0.4737323421875 0.6961415484375 0.478344209375 0.6668004421875 0.47905371875 0.6261015078125001 0.481537028125 0.597706890625 0.50424159375
1 0.7732361015625 0.4785718015625 0.77796605625 0.476404965625 0.813966275 0.459661246875 0.84812706875 0.4389676859375 0.87598125 0.42163300625 0.8849156234375 0.41296567656249994 0.882025078125 0.398970859375 0.9140836625000001 0.38498493749999996 0.9440400671875 0.3700140828125 0.9353684624999999 0.37099900468749997 0.8967405125000001 0.38754574375 0.88123674375 0.3952281515625 0.8888572437500001 0.369817096875 0.9009449015625 0.3442090578125 0.9256457828125001 0.301069365625 0.8999045046875 0.340269359375 0.887291309375 0.3641186578125 0.880196375 0.3836357140625 0.8749408531249999 0.39781862968750004 0.875203621875 0.4114105859375 0.8673203828125 0.4167448953125 0.8258018874999999 0.444322784375 0.7911155265625001 0.46146046875 0.7702978734375 0.47132802656250006 0.7732361015625 0.4785718015625
1 0.7834843328125001 0.4468572328125 0.8213239781249999 0.4334622578125 0.8454993078124999 0.4279466796875 0.8696746515625 0.4151426609375 0.8644191296875 0.41533964531249995 0.8307838890625 0.42597682968750006 0.8213239781249999 0.42853763593750005 0.7825926640625 0.439387578125 0.7834843328125001 0.4468572328125
1 0.7811193546874999 0.38224618125 0.7774405046874999 0.4035205515625 0.77612663125 0.4143547234375 0.7716594437500001 0.42597682968750006 0.7766521828124999 0.43071097343750003 0.7771777359375001 0.4297260515625 0.777442240625 0.4297260515625 0.7774405046874999 0.42971954375 0.7832215640625 0.4056873859375 0.7855865421875 0.380079346875 0.7811193546874999 0.38224618125