0 0.3413963875 0.6545270375000001 0.40886538437500003 0.6099973609375 0.5555369859375 0.543202846875 0.743276771875 0.44259875 0.8312797 0.4071399390625 0.9324830765625001 0.37333035625 0.9999521546875 0.338696171875 0.9955519515625 0.294991121875 0.7888079171875 0.36755664062500004 0.6641370078125 0.42610491718750004 0.532132534375 0.5019702968749999 0.43679587968750005 0.5423768640625 0.3810606484375 0.553096959375 0.311351346875 0.5863983484374999 0.3413963875 0.6545270375000001
0 0.5438033 0 0.548203421875 0.036876690625 0.5555369859375 0.0673877671875 0.568737434375 0.102021953125 0.5658039921875 0.12346216406249999 0.4910015109375 0.173764225 0.4161989484375 0.2067491796875 0.4015318203125 0.2504542078125 0.354596834375 0.322293453125 0.2445931328125 0.3701216328125 0.20939191250000003 0.3841402328125 0.213792115625 0.418774440625 0.168323890625 0.523501621875 0.24605981406250002 0.6365228859375 0.3073658140625 0.5908820718750001 0.2636604640625 0.555572215625 0.260727021875 0.5110425171874999 0.270994028125 0.4912515578125 0.288594596875 0.45661735 0.3091286890625 0.415386178125 0.3516633921875 0.3873489796875 0.43526627968750004 0.35518865 0.45140016875000005 0.3090097203125 0.4528668484375 0.306535853125 0.5247359687500001 0.2001169015625 0.603938653125 0.153113346875 0.6376731921875 0.0772479671875 0.6200725421875 0.0607555 0.589271525 0.029455078125 0.595138328125 0 0.5438033 0
0 0.376880553125 0.1008707421875 0.316857240625 0.05319702187499999 0.2911329640625 0.0280210078125 0.2720779390625 0.01087989375 0.2777944625 0 0.173944575 0.0007023640625 0.20062163125 0.033913268749999996 0.237778903125 0.0467691 0.329243015625 0.1287250625 0.395935578125 0.193004228125 0.40927408125 0.20425310312499997 0.4679985578125 0.1836897625 0.4226125828125 0.1378312765625 0.376880553125 0.1008707421875
0 0.49419450156250005 0.48356863125 0.54208375625 0.45097193906250005 0.6523404296875001 0.38647834062499997 0.735868253125 0.3338816203125 0.7859849234375 0.29944329375 0.9196294171874999 0.224931278125 0.9051512531249999 0.211782103125 0.7681656078125 0.28760444375 0.704684575 0.3189120125 0.665704915625 0.3452103734375 0.5710400828125 0.3965547859375 0.4859328359375 0.44582634218750006 0.49419450156250005 0.48356863125
1 0.7373850875 0.33760689843749997 0.7602659140625 0.33447778281249996 0.8085011046874999 0.3230043484375 0.8375659499999999 0.3157030828125 0.8406579437499999 0.305272690625 0.8592099031249999 0.2892794265625 0.8926035125 0.288931746875 0.9055899374999999 0.2802397578125 0.8474534578125 0.2858020578125 0.7998366531250001 0.30735819375 0.752237528125 0.3214163171875 0.7373850875 0.33760689843749997
0 0.44177989375 0.3517452875 0.488207140625 0.3449359171875 0.5719779921875 0.32677765625 0.6133587578124999 0.28762387968750003 0.62244234375 0.254712028125 0.5850987390625 0.261521384375 0.5144485796875 0.31599619843750004 0.44177989375 0.329047446875 0.44177989375 0.3517452875
1 0.625170725 0.281088140625 0.6548954859375 0.2653592265625 0.7009397046875 0.23357369062500002 0.7825370546875 0.1509561921875 0.8175073609375 0.1188429875 0.8734598124999999 0.071983903125 0.8553918203125 0.0641453171875 0.7796228703125 0.1201796015625 0.7481496046875 0.1565741140625 0.7155106578125 0.17918443906249998 0.6892829359375 0.2080207921875 0.6297913312500001 0.2501300640625 0.625170725 0.281088140625
1 0.731830115625 0 0.75222946875 0.070362634375 0.75864069375 0.11296179375 0.7487324281250001 0.1326464421875 0.6764604875 0.1906468390625 0.6321647734375 0.22243236562500002 0.589935221875 0.2554339421875 0.6298334453125001 0.2498961765625 0.70035685 0.1915680875 0.7516466453125 0.15453958125 0.7778743671874999 0.11421576874999999 0.7702974625000001 0.0647351984375 0.7533951484375 0 0.731830115625 0
0 0.230287059375 0.3529515140625 0.23131021875000002 0.3546772046875 0.23233332343750002 0.36675698749999996 0.3049755390625 0.34374786562500004 0.377617696875 0.23842872656249997 0.436959271875 0.161348140625 0.441051690625 0.1061262171875 0.49732389687499995 0.046302484375 0.53722586875 0.006611728125000001 0.498347 0 0.4594680203125 0.0198419828125 0.41547351718750003 0.059532726562500006 0.3725020625 0.17348075937500002 0.3049755390625 0.2666677375 0.2291552828125 0.3479469140625 0.230287059375 0.3529515140625
1 0.1709455390625 0.4104743421875 0.17708433437499999 0.3914918 0.2047088296875 0.3776863265625 0.1924312953125 0.3690579078125 0.162760534375 0.384013840625 0.145367309375 0.4064477484375 0.14741357500000002 0.42082845156250004 0.1801537046875 0.47662558906249997 0.1995931953125 0.45936875156249996 0.17810743906249998 0.42427983124999996 0.1709455390625 0.4104743421875
0 0.2129878734375 0.3291764484375 0.201504503125 0.281561565625 0.2560506515625 0.19117399375 0.24743814375 0.1080458375 0.2488735359375 0.0596239203125 0.22160046093750002 0.0515536046875 0.20581075625 0.18309979999999998 0.146958275 0.3122249203125 0.14408741249999998 0.329172596875 0.16561876250000002 0.339664 0.187150190625 0.34854135468749997 0.28619466875 0.5075630578125 0.3335637796875 0.572932640625 0.3692872296875 0.5121360046875 0.307726096875 0.44781014375000006 0.2129878734375 0.3291764484375