0 0.31349875 0.7531620109375 0.3281119015625 0.732035471875 0.5514845890625 0.64283451875 0.7268425093750001 0.534854428125 0.8291346765625001 0.5055120203125 0.99614230625 0.44095870625 0.9982298500000001 0.3869686609375 0.7184921046875 0.49260135156249996 0.6036744453125 0.546591396875 0.4888566703125 0.6158395125 0.3865646171875 0.6522240874999999 0.2738345015625 0.6886086953125 0.31349875 0.7531620109375
0 0.25295849062500003 0.547765096875 0.26965929843750003 0.5207700578125001 0.4011777671875 0.45856414375 0.41579091874999996 0.425700653125 0.4846815828125 0.3188574296875 0.43249161249999996 0.29303609062499997 0.25922135156250004 0.1416292234375 0.198681090625 0.0490283578125 0.136053171875 0.000906796875 0.108914415625 0.000906796875 0.136053171875 0.058417928125 0.188243028125 0.084239265625 0.188243028125 0.13470821093750002 0.20494383749999998 0.16287691875000002 0.2487832875 0.1933930578125 0.38447695937500004 0.3013731484375 0.382389415625 0.32602075468749997 0.319761496875 0.428198478125 0.20703138124999998 0.47514633906250003 0.17780507968749998 0.49744657812500004 0.1945058890625 0.5197468328125 0.1423160328125 0.598384484375 0.1464911203125 0.6488534296874999 0.21746944375 0.7439228828125 0.259070509375 0.6814237421875 0.22790739218749997 0.63579235 0.25295849062500003 0.547765096875
0 0.4324761453125 0.564291159375 0.503940175 0.5127647734375 0.5841805531250001 0.391523390625 0.579165515625 0.31328042031250003 0.579165515625 0.2582864046875 0.5553441953125 0.278050028125 0.5089552109375 0.32811946875000003 0.5428066046875 0.3626591640625 0.4838800984375 0.4535901953125 0.41492358749999997 0.525625509375 0.365416878125 0.6059571703125 0.4324761453125 0.564291159375
1 0.487641409375 0.55722919375 0.6167781515625 0.4796911171875 0.7133173640625 0.42470954843750003 0.865021771875 0.3316638453125 0.860006734375 0.3041730609375 0.75343751875 0.3753801671875 0.6731971406249999 0.4085100828125 0.641853265625 0.4395253265625 0.48048266406250006 0.5259272234375 0.487641409375 0.55722919375
0 0.1649745734375 0.40203243125 0.1188177484375 0.417558540625 0.1495706953125 0.446087115625 0.2633565765625 0.6024962296874999 0.2956471328125 0.6535018906250001 0.34175665 0.608567203125 0.3416272 0.6030830546875 0.26489418593749997 0.529943878125 0.21876480625 0.4409001078125 0.18032364375 0.41582953125 0.1649745734375 0.40203243125
1 0.8208816203125 0.1376132484375 0.771676853125 0.17392235625000002 0.70248274375 0.2327085171875 0.6732674890625 0.2621016203125 0.5963851625000001 0.317439490625 0.5118145359375 0.3978382203125 0.445196690625 0.430185034375 0.5056639296875 0.41857655312500003 0.599460465625 0.34422934843749997 0.722472171875 0.2525920875 0.8208816203125 0.1376132484375
1 0.5118145359375 0.4453761421875 0.58408395 0.4004220171875 0.6640415796875 0.3528743765625 0.7855156765625 0.22060549218749997 0.6901816140625 0.2854431890625 0.6240628078125 0.3494163796875 0.531803965625 0.4004220171875 0.5118145359375 0.4453761421875
0 0.2704039546875 0.44107734218749994 0.36266279687499997 0.33906604375 0.41340517187500003 0.2119040515625 0.48874988906250005 0.13496333124999998 0.4995134078125 0.07364005625 0.43031929687500003 0.13501974375 0.379576921875 0.1903479078125 0.3026945953125 0.323481296875 0.25656513125 0.390048003125 0.2226432671875 0.43657126562500004 0.2704039546875 0.44107734218749994
1 0.170515365625 0.3984227484375 0.21484200156250002 0.29716999843749997 0.22684713437499998 0.208387175 0.198219525 0.1761968984375 0.08186216874999999 0.133103484375 0.128959175 0.157505784375 0.1862143921875 0.19592641718749998 0.191755234375 0.23588913437499998 0.1825204984375 0.31688398906250004 0.164051075 0.344401484375 0.1270664578125 0.3981850484375 0.170515365625 0.3984227484375
1 0.4203890421875 0.13431961718750002 0.42131254062499995 0.1135517125 0.4388584640625 0.0595551328125 0.46563912656250006 0.0299608546875 0.44532275468750004 0 0.43239417500000005 0.022692090625 0.4157716984375 0.048651975 0.40376656562499996 0.09486059218750001 0.39453187968750003 0.11718609375 0.40293014843749997 0.148131646875 0.4203890421875 0.13431961718750002
1 0.2800214953125 0.1405499953125 0.2846388390625 0.1576835328125 0.326195028125 0.127570053125 0.3936083796875 0.06941989374999999 0.43424112187499997 0.014384921875000001 0.4157716984375 0.006077753125 0.37606245625 0.0673430953125 0.2800214953125 0.1405499953125
0 0.5073402875 0.31465043125 0.5925283796875 0.23365189531250002 0.5937811140625 0.1949134625 0.5524398374999999 0.1287059515625 0.5524398374999999 0.07306348124999999 0.488548784375 0.022351346875 0.47101008593750004 0.04982041875 0.494812596875 0.09419353124999999 0.519867909375 0.169557396875 0.544923221875 0.20829583125 0.531142796875 0.23365189531250002 0.46995840468749994 0.29098844375 0.5073402875 0.31465043125