0 0.2728010421875 0.70984903125 0.321202709375 0.5861554703125 0.35053704531249996 0.5514175984375 0.3564039296875 0.5002909578125 0.330003034375 0.39391450156249996 0.283068046875 0.3032058953125 0.242000025 0.29495965625 0.2772012453125 0.392257890625 0.310935703125 0.49038812031249995 0.3036021390625 0.5292218328125 0.2596005953125 0.6314751828125 0.24053334375 0.6916727093749999 0.2728010421875 0.70984903125
0 0.7040156828125 0.7429729218750001 0.6864150328124999 0.700092475 0.6981488 0.6810776203125 0.727483215625 0.6283017281250001 0.71574945 0.5392423515625 0.665881021875 0.43688007031250004 0.6761481078125 0.393999646875 0.6952154375 0.3577161859375 0.6981488 0.312361884375 0.665881021875 0.2389703828125 0.6072123484375 0.26377950625 0.6380134453124999 0.32974939375 0.6101458703125 0.38170068281249997 0.6204127953125 0.42700309843750006 0.6160127546874999 0.46411116249999995 0.6292132015624999 0.48967449375000005 0.6746814265625 0.5663645109375001 0.6717479046875 0.6356328812500001 0.645347009375 0.66202085 0.6336132437499999 0.6933565546875 0.6673478625 0.731289221875 0.7040156828125 0.7429729218750001
0 0.5324098671875 0.669581396875 0.3754711796875 0.55330945 0.3036021390625 0.5030074124999999 0.3036021390625 0.5236229984375 0.422406165625 0.6225778421875 0.52067618125 0.6959693437500001 0.6292132015624999 0.76853621875 0.6468136906249999 0.74132366875 0.5734778890625 0.705040209375 0.5324098671875 0.669581396875
1 0.1842365828125 0.4679812359375 0.12468969062499999 0.43965307343750004 0.0688071359375 0.391752721875 0.0404078671875 0.394328009375 0.050484996875 0.41493031562500005 0.077052096875 0.4262615796875 0.1402634765625 0.4684962953125 0.2016426390625 0.49733951875000004 0.260273446875 0.516396646875 0.2932533390625 0.5236074453125 0.2960015921875 0.5081557296875 0.285965171875 0.504897725 0.2291258234375 0.489613646875 0.1842365828125 0.4679812359375
1 0.0009523953125 0.4665982796875 0.0003087671875 0.47817819687499996 0.0460075015625 0.48541565000000003 0.0620986078125 0.48469191250000004 0.11359017812500001 0.49120561875 0.1631507921875 0.492653103125 0.1966202984375 0.4941005984375 0.162389484375 0.4837651046875 0.135474084375 0.483968165625 0.08012067187500001 0.47636883750000003 0.0395710734375 0.47383573281249997 0.0009523953125 0.4665982796875
1 0.1972639625 0.46221558125 0.21914786875 0.43326576718750004 0.2513300828125 0.403230353125 0.2609847609375 0.36125312656249997 0.23266438906250003 0.40254683125 0.195333040625 0.4351153640625 0.182383040625 0.46223624374999994 0.1972639625 0.46221558125
1 0.2403249546875 0.4394214234375 0.1935025265625 0.37812831406249997 0.1636330734375 0.378582190625 0.17816416875000002 0.40309139531250004 0.199153503125 0.4325932203125 0.2322520984375 0.47661901249999994 0.2855328109375 0.5043053359375 0.30329300312499996 0.49388633281249994 0.27100171562500003 0.4661999984375 0.2403249546875 0.4394214234375
1 0.3016784765625 0.3863174625 0.32266785625 0.371788403125 0.3654537890625 0.3454636953125 0.3929014515625 0.3100615015625 0.40339614218750003 0.296899146875 0.3920941890625 0.281467428125 0.2701944078125 0.2179250359375 0.284725503125 0.2347183828125 0.383214025 0.281467428125 0.3904795734375 0.2946297828125 0.37029754531250003 0.31685529375 0.3307406671875 0.3472648703125 0.2933987765625 0.36974995625 0.3016784765625 0.3863174625
1 0.5014816375 0.396255603125 0.4432813828125 0.377726503125 0.4545007046875 0.395072890625 0.5063900875 0.410842340625 0.553371021875 0.426611778125 0.610870046875 0.45460255156249996 0.6185833359374999 0.441592753125 0.6169996640625001 0.44111376562500004 0.5666939531249999 0.413996228125 0.5014816375 0.396255603125
0 0.5487534859375 0.6119207796875 0.5313683874999999 0.6265822875 0.5413026999999999 0.6663777765625001 0.599922603125 0.7151915171875001 0.5810401546875 0.6649814390625 0.5487534859375 0.6119207796875
0 0.8922205140624999 0.523449 0.9566435125 0.490289678125 0.997475009375 0.46733321875 0.997475009375 0.44386661250000004 0.951199346875 0.46733321875 0.8804247374999999 0.5066142671875 0.8922205140624999 0.523449
0 0.8716782437499999 0.569917053125 0.890392540625 0.464700640625 0.927821134375 0.3158945359375 0.8770252078125 0.32190692187500003 0.8556373562499999 0.379024396875 0.8636578734375 0.418104778125 0.836923059375 0.4767253703125 0.799494465625 0.57142015 0.7941475015624999 0.6676180265625 0.83424965 0.8374674171875001 0.8262291328125 0.866026125 0.9144538015625001 0.8329581703125 0.885045578125 0.694673678125 0.8716782437499999 0.569917053125
1 0.7247946859375001 0.755066703125 0.7019564671875 0.6868531124999999 0.68482774375 0.6908656671875 0.7219398984375001 0.77753706875 0.8190023515625 0.8433431578125001 0.828292890625 0.8285841812499999 0.749060259375 0.766301896875 0.7247946859375001 0.755066703125