0 0.48146098125 0.6965626031250001 0.5075391 0.730284646875 0.5857734546875 0.695096425 0.7109483359375 0.6371825234374999 0.8661131718749999 0.5844002296874999 0.9430435812500001 0.5440804203125 0.894799109375 0.48030182187500003 0.8635052812499999 0.501561340625 0.8961029828125 0.5264863281250001 0.8726326828125 0.54114808125 0.7657124625 0.5858793640625 0.52709770625 0.676782209375 0.49189225781249996 0.6819138171875 0.47741079375 0.6961890687500001 0.48146098125 0.6965626031250001
0 0.023790109375 0.412857765625 0.0029276296875 0.40845924843750003 0 0.44731288906250005 0.0694267984375 0.455376834375 0.169827578125 0.4795687328125 0.23763065781249998 0.49936209218750005 0.2858751296875 0.5206216312499999 0.315864940625 0.547012778125 0.3377976421875 0.49493495000000004 0.20372908281250002 0.4495121375 0.023790109375 0.412857765625
1 0.0896797046875 0.513634196875 0.0695083078125 0.5390752875 0.045838675 0.55394853125 0.00963805625 0.566864784375 0.0012840796874999999 0.5692131890625001 0.0033725640624999997 0.5833036375 0.038877034375 0.56999599375 0.073685315625 0.5582539484375 0.09108945625 0.53790108125 0.10988593437500001 0.5163740046874999 0.145390403125 0.48897591093750004 0.1690600375 0.47762526406249994 0.1446942546875 0.4721456453125 0.142769425 0.47035771718749997 0.11752634531249999 0.486627496875 0.0896797046875 0.513634196875
0 0.5468170906250001 0.564537384375 0.5461209234375 0.577062234375 0.58023305625 0.586847265625 0.6066873625 0.588412865625 0.6324454796875 0.5923268796875 0.6449764640625 0.591935478125 0.6818732703125 0.6025033140625 0.6686460984375 0.58019344375 0.5878908843749999 0.570799809375 0.5468170906250001 0.564537384375
1 0.8578031968750001 0.404505696875 0.8228143625 0.3712674875 0.8119557515625001 0.3549875578125 0.833672975 0.32853265625 0.810749234375 0.318357703125 0.7866189796875 0.3495609140625 0.7914450109375 0.36584084375 0.82764039375 0.40518402968749995 0.8421185546875 0.42621226874999996 0.852977165625 0.4641987890625 0.8626292609374999 0.48319204843749997 0.8674553265625 0.4886186921875 0.898783934375 0.475040175 0.871074840625 0.44859719218749994 0.8578031968750001 0.404505696875
1 0.9157158046875 0.3916174125 0.9145092874999999 0.36516251093749996 0.9145092874999999 0.340064284375 0.8879660328125001 0.3678758421875 0.8879660328125001 0.39433074375 0.8976181296875 0.42417728906249996 0.9060637093749999 0.44384888125 0.8879660328125001 0.47505209375 0.9161533437499999 0.484199825 0.9350200281250001 0.439100553125 0.9157158046875 0.3916174125
1 0.882832278125 0.46182272187500006 0.9002247828125001 0.46001189531250003 0.9285681390624999 0.46254705781250005 0.9839664796875001 0.46363355000000006 0.9994264968750001 0.46182272187500006 1 0.4567523984375 0.99234065625 0.45602806406249996 0.9852548171875 0.45892539374999997 0.89507145 0.4524064 0.8780562625 0.4541347046875 0.882832278125 0.46182272187500006
0 0.37076314374999997 0.46445516875 0.37892944375000004 0.4185422328125 0.3816515265625 0.4022176453125 0.4242977609375 0.36242643750000003 0.44698192031249995 0.3328381171875 0.43427879999999996 0.2976382015625 0.365318928125 0.3593655796875 0.3535232015625 0.3762003140625 0.3317463875 0.3930350609375 0.337190603125 0.42211324843750003 0.336283209375 0.44762042187500006 0.3412030546875 0.467934021875 0.37076314374999997 0.46445516875
0 0.4197609390625 0.2711107390625 0.36894840625 0.23795140468749998 0.3444495078125 0.2471339890625 0.3517084625 0.31855409687499997 0.34807898593750003 0.42313353906250006 0.346264246875 0.47363775312499995 0.42529477812499994 0.4605862015625 0.42792723906249996 0.37109887656249996 0.4197609390625 0.2711107390625
1 0.532589990625 0.5339174796874999 0.5211462421874999 0.5173730140624999 0.48844978125000005 0.49868388750000003 0.5129721203125001 0.5357557515625 0.5271405953125 0.5510746984375 0.538039415625 0.5642489937499999 0.56677638125 0.567040815625 0.5516629328125 0.548623675 0.532589990625 0.5339174796874999
1 0.487904853125 0.5755850265625 0.4639362046875 0.5875458984375 0.45031268593749996 0.5823374640625001 0.45085764375000004 0.5869331390625 0.4612115078125 0.59397986875 0.47265528437500004 0.59397986875 0.479194565625 0.5890777890625001 0.5004472484375 0.585094875 0.5336886375 0.582950225 0.5440425296875 0.57590349375 0.5349053609375 0.57117791875 0.5097024796875 0.5780360484375 0.487904853125 0.5755850265625
0 0.6018062578125 0.509725628125 0.5489469984375 0.49195564531249997 0.48028445 0.45120156875 0.4644811625 0.4849032578125 0.5091662984374999 0.506962546875 0.5473121859375001 0.528409084375 0.5898175515624999 0.5446471703125 0.6252387109375 0.5544512953125 0.6688339625 0.578655234375 0.6895417484374999 0.5425081890625 0.6459464671874999 0.519836140625 0.6018062578125 0.509725628125
1 0.0021247078125 0.381805953125 0.051603775 0.3660422375 0.1109786375 0.3542967203125 0.1307702578125 0.35182398125000003 0.1307702578125 0.349351240625 0.12362327656250001 0.3478057734375 0.1296707203125 0.3391511828125 0.149462340625 0.33204205781249996 0.21763347500000002 0.2875327328125 0.17969955625 0.30886011562500004 0.12692189062499998 0.3360602640625 0.1214242015625 0.33575117187500003 0.1170260796875 0.34533303437499996 0.1087795609375 0.349969428125 0.089537725 0.3521330734375 0.05050423750000001 0.3586240203125 0.021366559375 0.367587696875 0.005973090625 0.375624109375 0.0021247078125 0.381805953125