0 0.3256042703125 0.456355003125 0.31209359062500003 0.3163507734375 0.33911505468750003 0.2544973015625 0.296652859375 0.267519078125 0.258050875 0.2946477984375 0.25419066562500003 0.3868854140625 0.23681977656250003 0.43029136562500003 0.26963150156250004 0.472612165625 0.26963150156250004 0.6050002625 0.2734916046875 0.6560022765625 0.3524076203125 0.633843871875 0.34490531562500004 0.5757213390625 0.3256042703125 0.456355003125
1 0.1900063421875 0.513331596875 0.195579309375 0.43688076875000004 0.1420792421875 0.39740205 0.14542303437499998 0.41557479375 0.17217300625 0.450666984375 0.17886053125 0.5189714125 0.1888917859375 0.5446639156249999 0.25242304843749996 0.5803827546875 0.2616732640625 0.5646430609374999 0.21341264531249998 0.5296244125 0.1900063421875 0.513331596875
0 0.0038708453125 0.4769861265625 0.095266696875 0.523984596875 0.11087092031250001 0.5390241 0.10221642812500001 0.5082314453125 0 0.44565380781249997 0.0038708453125 0.4769861265625
0 0.12201673125000001 0.540909609375 0.1844334359375 0.5459227953125 0.12201673125000001 0.44691268749999996 0.12758963750000002 0.42742859062500005 0.118673 0.33593824375 0.040652134374999996 0.228155096875 0.0005271140625 0.141677915625 0.0016416703125 0.245750665625 0.06071464375 0.324081446875 0.0841208859375 0.36732002812500003 0.07631880468749999 0.41682808906249996 0.0841208859375 0.46633314375 0.10221642812500001 0.49751323750000004 0.12201673125000001 0.540909609375
1 0.3114884515625 0.26647598125 0.32597805625 0.18689189687500002 0.3248634375 0.1110677078125 0.3315509625 0.074722221875 0.27805089375 0.06594918281249999 0.2813946859375 0.100414715625 0.265790525 0.12610721875 0.27805089375 0.14365331406249998 0.2836238609375 0.16495928124999998 0.27805089375 0.2100778078125 0.27270486875 0.29048260625 0.3114884515625 0.26647598125
1 0.349384296875 0.26773786875 0.398426015625 0.23076573281249999 0.4753322640625 0.11235640468750001 0.5210302515625 0.0058265375 0.509884378125 0.0064531859375 0.45415519687500006 0.080988684375 0.38839476093749997 0.20694458437500002 0.32786289375 0.2532509390625 0.349384296875 0.26773786875
1 0.7319662078125 0.222233478125 0.8021849937500001 0.13387635312499999 0.7754350203125 0.11821020156249999 0.74979954375 0.14637439531250002 0.7049432078125 0.20586518125 0.7319662078125 0.222233478125
0 0.5959869859375 0.0730916671875 0.5848411125 0.1821281203125 0.5993307171875 0.22975322031249998 0.5636640453124999 0.3212435859375 0.5135077703125 0.4353668875 0.5201952328125 0.4999114359375 0.49010146718750003 0.5839315234375 0.5826119375000001 0.6152638265625 0.6082473546875 0.5193869578125 0.5982160984375 0.4517091609375 0.6015598921875001 0.3827280875 0.6472578171875 0.3376095609375 0.7107890796875 0.2699161375 0.6795807578125 0.1990475671875 0.662861978125 0.09941081093750001 0.5959869859375 0.0730916671875
1 0.661568925 0.40876132500000006 0.7411589671875001 0.3779892609375 0.8329587921874999 0.3235804328125 0.8596589828125 0.294850534375 0.8465446890624999 0.3047661640625 0.7972531515625 0.336807609375 0.74027393125 0.3688427171875 0.7217330796875 0.3746903921875 0.66279606875 0.4002903921875 0.661568925 0.40876132500000006
1 0.6846319515625 0.35918318125000004 0.7113126921874999 0.3566407125 0.74025453125 0.3434198765625 0.773718496875 0.32002916406250004 0.790902734375 0.3040116109375 0.8035647718750001 0.30426585781250004 0.831149971875 0.309859290625 0.8808937140624999 0.3187579296875 0.8890336031249999 0.313418746875 0.8212012140624999 0.3035031171875 0.797233753125 0.2971469453125 0.7782406953125001 0.3040116109375 0.7583431796875 0.319266425 0.7199048109375 0.3383349390625 0.7018161625 0.3515557734375 0.6855738859375 0.351544215625 0.6846319515625 0.35918318125000004
1 0.5644124453125 0.8630538671875 0.6246904234375 0.8272089546875 0.67917245625 0.8219951312499999 0.7429280515625 0.8063537140625 0.92144359375 0.7346638546875 0.9944726906250001 0.7157637968749999 1 0.7040327390625001 0.990995071875 0.6923016625 0.8136387578125 0.7574742609375 0.7475647703125 0.7894088406249999 0.6861276296875001 0.794622646875 0.60846175 0.7972295578125 0.5667308375 0.8278606640625 0.5644124453125 0.8630538671875
0 0.9207997171875 0.7034654375 0.9497795109375 0.6206899828125 1 0.48382754375000003 0.9961472046875001 0.1833493484375 0.9741225218749999 0.2635756921875 0.9416651734375 0.38219294531250003 0.869795240625 0.5927477 0.8512481749999999 0.674865171875 0.9207997171875 0.7034654375
0 0.7944477515624999 0.653282546875 0.77242313125 0.651979090625 0.78981096875 0.6936895546875 0.8153132078124999 0.702813709375 0.91384454375 0.710634428125 0.8419746109374999 0.681306759375 0.8164724359375001 0.686520565625 0.7944477515624999 0.653282546875
0 0.20429486406250003 0.7338072234374999 0.1706034359375 0.7290716890625 0.1461771515625 0.7333336687500001 0.1545999859375 0.7536964625 0.1731302765625 0.7773741390625 0.22198284375 0.802946021875 0.2548319625 0.809102221875 0.2636795375 0.792463125 0.21103312187499998 0.7612733265625 0.20429486406250003 0.7338072234374999